106.67909240722656
111.20116424560547
120.28350830078125
118.8079605102539
113.27339172363281
115.81463623046875
114.12060546875
118.87110900878906
108.88921356201172
122.83316040039063
115.59339904785156
125.23808288574219
108.11407470703125
119.0013198852539
118.43709564208984
120.98102569580078
109.71804809570313
113.88868713378906
121.08802032470703
124.59162902832031
106.09146118164063
115.6800765991211
124.62704467773438
123.22154998779297
109.69410705566406
123.56248474121094
119.0634994506836
125.34528350830078
108.48735809326172
125.2763900756836
119.02549743652344
120.44163513183594
111.50410461425781
117.19467163085938
117.71666717529297
119.935302734375
109.84769439697266
116.10121154785156
120.09925079345703
123.72684478759766
113.25411987304688
113.16401672363281
114.80221557617188
119.6275405883789
117.55751037597656
106.92552947998047
126.4385757446289
116.88783264160156
112.13977813720703
116.17240905761719
116.64733123779297
115.24722290039063
109.06810760498047
123.94100189208984
114.0413589477539
122.33390808105469
114.26123809814453
121.35176849365234
118.32620239257813
122.09918212890625
117.81537628173828
122.32937622070313
115.27983093261719
130.05349731445313
107.42910766601563
117.84697723388672
117.36787414550781
120.91295623779297
111.75366973876953
120.17122650146484
115.50141906738281
123.42961883544922
104.98619842529297
121.68751525878906
114.52886962890625
121.33741760253906
100.44036102294922
118.92418670654297
116.59675598144531
122.97376251220703
117.73440551757813
117.57894134521484
113.58927154541016
117.72290802001953
105.19334411621094
121.21163940429688
115.21212005615234
116.0829849243164
111.22335052490234
122.82136535644531
120.2072982788086
124.15108489990234
114.85440063476563
120.58747100830078
113.0243911743164
117.78874969482422
110.4443359375
122.41297149658203
115.2634506225586
125.2138442993164
111.20542907714844
120.16340637207031
114.6890640258789
118.88896179199219
110.27112579345703
118.41790771484375
117.70761108398438
118.52079772949219
113.7052001953125
119.37690734863281
117.53362274169922
126.91312408447266
116.08123779296875
120.69393157958984
115.39840698242188
120.94036865234375
111.53524017333984
121.96788787841797
115.71595764160156
121.30360412597656
110.09828186035156
120.77604675292969
116.36295318603516
121.03181457519531
112.45904541015625
115.7297592163086
122.43852996826172
124.48062896728516
108.33760070800781
117.94889831542969
113.05003356933594
119.63385009765625
115.23778533935547
112.31304168701172
121.98881530761719
121.53688049316406
115.41203308105469
119.50811767578125
114.48542022705078
121.52503967285156
112.78640747070313
116.56217956542969
113.29730987548828
116.54854583740234
113.7860336303711
120.00615692138672
115.78266906738281
119.68356323242188
113.0176010131836
123.70289611816406
116.37781524658203
126.22686004638672
108.80447387695313
117.8057861328125
117.16453552246094
122.8418197631836
105.97158813476563
116.2491455078125
117.98136901855469
123.10569763183594
100.82039642333984
117.43787384033203
119.34776306152344
125.6972885131836
118.6076431274414
123.3095703125
110.33641052246094
118.78163146972656
110.74056243896484
117.75000762939453
115.30424499511719
123.99104309082031
112.34815216064453
116.22590637207031
116.50244903564453
123.22516632080078
109.03004455566406
126.91413116455078
113.44406127929688
126.50912475585938
108.12670135498047
117.89461517333984
116.86174011230469
122.4800033569336
108.6568832397461
118.21398162841797
115.84989166259766
124.85494232177734
113.14762115478516
122.00345611572266
114.01031494140625
126.4197998046875
108.2989273071289
120.55823516845703
115.43739318847656
117.70993041992188
110.18048858642578
119.72583770751953
114.92018127441406
116.98675537109375
107.5877456665039
120.16246032714844
116.6710205078125
117.75428771972656
114.2082748413086
121.78706359863281
120.79041290283203
127.24156951904297
109.92778778076172
113.60164642333984
116.06351470947266
118.77046203613281
109.20568084716797
119.66954040527344
118.0633544921875
118.56513214111328
113.6614761352539
125.56488037109375
116.23839569091797
121.58869934082031
110.17029571533203
114.09040832519531
118.01812744140625
115.62181091308594
108.99239349365234
119.61046600341797
116.11190032958984
120.41433715820313
115.44125366210938
122.21949005126953
110.03981018066406
121.07747650146484
112.83220672607422
117.04212188720703
117.65719604492188
122.74152374267578
107.63638305664063
117.62957763671875
120.12682342529297
122.7603530883789
114.5931167602539
112.790771484375
115.05266571044922
122.13591003417969
112.64852142333984
119.24339294433594
116.16031646728516
124.19014739990234
112.1786880493164
118.94168090820313
117.2688217163086
118.37348937988281
104.88806915283203
122.92333984375
119.9554672241211
127.18729400634766
105.6407241821289
121.65472412109375
116.06426239013672
121.64142608642578
110.48463439941406
117.87125396728516
118.96085357666016
123.32061767578125
114.92849731445313
115.67733001708984
118.41053009033203
121.19269561767578
116.6445083618164
121.79974365234375
119.32581329345703
129.97825622558594
104.47928619384766
120.04735565185547
112.67923736572266
126.60360717773438
111.66642761230469
111.82070922851563
120.7041015625
119.25859832763672
116.31005859375
119.24485778808594
118.63360595703125
122.22611999511719
109.20410919189453
121.42610168457031
113.21414947509766
119.94108581542969
105.3006591796875
115.61607360839844
112.69605255126953
122.6576919555664
112.06407165527344
126.57784271240234
109.99076843261719
118.34967041015625
108.00850677490234
125.1754379272461
112.69678497314453
123.6563491821289
106.99527740478516
115.41216278076172
121.0872802734375
124.77525329589844
116.53997039794922
117.76078796386719
114.96553802490234
123.510498046875
104.57904815673828
118.0977554321289
115.11581420898438
120.2216567993164
108.92304992675781
117.26127624511719
121.34046173095703
127.67308807373047
106.2360610961914
118.46075439453125
118.9649887084961
123.71842193603516
106.68659973144531
123.61670684814453
113.2397232055664
124.36304473876953
103.08451080322266
122.05614471435547
115.42044830322266
124.65652465820313
107.63494110107422
115.18429565429688
117.96988677978516
126.12530517578125
108.75381469726563
116.8366470336914
114.67240142822266
121.5657958984375
110.4596176147461
123.65986633300781
111.58523559570313
119.8579330444336
108.81941986083984
123.4967269897461
119.44368743896484
130.8938751220703
113.5507583618164
115.75128173828125
117.12222290039063
121.50241088867188
106.7564926147461
118.68254089355469
119.82380676269531
117.40057373046875
114.10638427734375
120.85223388671875
116.82806396484375
123.40701293945313
109.16595458984375
115.563232421875
113.48523712158203
121.45819091796875
112.36534881591797
113.96392059326172
115.30139923095703
120.73348999023438
111.2060546875
115.3134536743164
121.50556182861328
127.81584167480469
114.47706604003906
119.21122741699219
120.18858337402344
122.24434661865234
110.77233123779297
122.54397583007813
113.76006317138672
121.7871322631836
101.63255310058594
115.24566650390625
116.93653106689453
122.23358917236328
103.57352447509766
116.8313980102539
114.09630584716797
123.28154754638672
114.27864074707031
122.26795959472656
110.7271957397461
121.87289428710938
103.0457763671875
118.1998519897461
119.46098327636719
126.33037567138672
112.15440368652344
115.86750793457031
118.79833221435547
121.53852844238281
109.88890838623047
118.93817901611328
120.55061340332031
126.25699615478516
107.41291046142578
120.4705581665039
119.11962890625
118.73312377929688
108.71234893798828
125.26078796386719
117.60906982421875
126.1291732788086
104.16049194335938
116.14583587646484
120.23906707763672
121.7997055053711
109.1386489868164
120.50486755371094
112.69133758544922
120.0879135131836
106.68944549560547
118.99712371826172
113.45226287841797
115.06339263916016
109.31405639648438
124.19043731689453
114.5973129272461
127.56040954589844
107.42972564697266
123.28731536865234
112.94068145751953
118.79235076904297
110.05858612060547
119.43656921386719
119.89666748046875
125.29227447509766
104.56635284423828
123.35432434082031
114.61622619628906
123.57750701904297
110.29292297363281
123.87043762207031
113.54692077636719
123.02005767822266
111.94263458251953
116.51018524169922
114.33213806152344
123.07347106933594
119.1159896850586
121.86589050292969
114.6320571899414
115.91537475585938
102.32525634765625
115.37947845458984
118.85863494873047
126.4930191040039
107.99568939208984
121.09635925292969
117.41600036621094
126.64344024658203
108.89730834960938
116.95548248291016
120.40788269042969
119.45072937011719
107.18031311035156
125.49504089355469
114.13719940185547
121.57763671875
110.02483367919922
123.12741088867188
113.80339050292969
121.47113037109375
109.6781997680664
121.95213317871094
117.04869842529297
121.10968017578125
112.1460189819336
119.36083221435547
116.65901184082031
126.28545379638672
103.38111877441406
119.0809326171875
115.61463928222656
119.48855590820313
112.06219482421875
114.24211120605469
127.37654876708984
128.55804443359375
112.23333740234375
118.22537231445313
117.19120025634766
120.7957763671875
99.66304779052734
119.79113006591797
