112.45166015625
108.7304458618164
111.46478271484375
0
0
0
117.47335052490234
104.96717834472656
117.15507507324219
0
0
0
104.66942596435547
123.87894439697266
114.9339599609375
0
0
0
0
0
0
0
0
0
0
0
112.90010833740234
111.46546173095703
109.57964324951172
105.47565460205078
0
0
110.81795501708984
118.37107849121094
104.1412582397461
0
0
0
107.00267028808594
0
0
0
0
0
0
0
0
0
0
0
0
0
110.53055572509766
109.73517608642578
112.30392456054688
0
0
0
112.02717590332031
0
0
0
0
0
0
0
0
0
0
0
0
0
0
0
0
0
0
0
113.83250427246094
114.76618957519531
105.99971771240234
0
0
0
114.8554916381836
0
0
0
0
0
0
0
0
0
0
0
0
0
0
0
0
0
0
0
111.44151306152344
116.08414459228516
108.88172912597656
0
0
0
105.23523712158203
0
0
0
0
0
0
0
0
0
0
0
0
0
0
0
0
0
0
0
108.594482421875
106.37461853027344
114.0484390258789
0
0
0
107.61146545410156
106.66001892089844
117.00545501708984
0
0
0
110.10491180419922
107.51261138916016
113.7215347290039
111.70741271972656
111.73640441894531
109.15884399414063
104.89739227294922
110.0212173461914
109.49299621582031
0
0
109.38516235351563
0
0
115.7071304321289
103.31500244140625
113.03680419921875
115.18848419189453
123.4433364868164
117.69010162353516
119.8139419555664
119.11807250976563
121.16227722167969
120.3798599243164
122.41166687011719
121.64156341552734
114.94161987304688
117.78194427490234
0
0
0
0
0
0
0
0
0
0
0
0
115.8365707397461
112.26317596435547
109.2468490600586
0
0
0
114.3138198852539
109.157958984375
111.58566284179688
0
0
0
116.67529296875
112.27108764648438
111.59784698486328
0
0
0
0
0
0
0
0
0
0
0
111.37942504882813
108.3685531616211
105.23905181884766
0
0
0
116.24395751953125
112.5436782836914
115.66548919677734
0
0
0
113.99613952636719
107.7236557006836
105.34229278564453
110.73648071289063
113.1600570678711
0
134.39102172851563
137.90969848632813
0
120.62174224853516
116.27995300292969
109.79463958740234
119.88804626464844
116.87531280517578
114.15280151367188
103.13732147216797
115.57721710205078
0
0
0
114.30728149414063
114.93170166015625
106.15113830566406
0
0
0
104.87586975097656
125.54627990722656
0
117.41487884521484
116.85323333740234
119.87255096435547
0
0
0
0
0
0
0
0
114.15362548828125
107.08168029785156
106.43272399902344
111.64134216308594
120.11529541015625
126.25440216064453
108.6143798828125
124.67386627197266
108.88394165039063
108.96121215820313
122.55189514160156
0
0
0
0
0
0
0
0
0
0
0
0
0
0
0
112.29859161376953
106.46327209472656
114.774169921875
0
0
0
117.1524429321289
110.62332153320313
111.09085083007813
0
0
0
114.35902404785156
0
0
94.57567596435547
106.11898040771484
109.85084533691406
107.34994506835938
0
0
0
0
0
0
0
116.21702575683594
112.55033874511719
108.01517486572266
0
0
0
109.41807556152344
118.5638198852539
115.19194793701172
0
0
0
0
0
0
0
0
0
0
0
0
0
0
0
0
0
107.8483657836914
110.7824478149414
107.61216735839844
0
0
0
109.6432113647461
107.07188415527344
0
0
0
0
0
0
0
0
0
0
0
0
0
0
0
0
0
0
103.56297302246094
112.9656982421875
107.12948608398438
0
0
0
106.37871551513672
107.10105895996094
0
0
0
0
0
0
0
0
0
0
0
0
0
0
0
0
0
0
93.30695343017578
106.04179382324219
99.07491302490234
105.48258209228516
0
0
114.89742279052734
107.4498291015625
112.76464080810547
0
0
0
107.82626342773438
0
0
0
0
0
0
0
0
0
0
0
0
0
112.83910369873047
110.20143127441406
116.12869262695313
0
0
0
102.2180404663086
107.060302734375
0
0
0
0
0
0
0
0
0
0
0
0
0
0
0
0
0
0
104.92503356933594
107.39627838134766
115.09638214111328
0
0
0
108.8021469116211
0
0
0
0
0
0
0
0
0
0
0
0
0
0
0
0
0
0
0
101.15642547607422
112.6396484375
108.87774658203125
0
0
0
111.75347900390625
0
0
0
0
0
0
0
0
0
0
0
0
0
0
0
0
0
0
0
108.19336700439453
112.78141784667969
110.98339080810547
0
0
0
104.8305435180664
107.11402893066406
0
0
0
0
0
0
0
0
0
0
0
0
0
0
0
0
0
0
116.41150665283203
109.83538055419922
108.51487731933594
0
0
0
108.853759765625
107.09716796875
0
0
0
0
0
0
0
0
0
0
0
0
0
0
0
0
0
0
107.34325408935547
114.16979217529297
110.70726013183594
0
0
0
100.63314056396484
107.09404754638672
0
0
0
0
0
0
0
0
0
0
0
0
0
0
0
0
0
0
110.93264770507813
110.75677490234375
110.10563659667969
0
0
0
103.42664337158203
122.76141357421875
0
0
0
0
113.61593627929688
117.38050079345703
120.05083465576172
0
0
0
0
0
0
0
0
0
0
0
108.08332061767578
110.03182983398438
110.65474700927734
113.4569320678711
121.17253112792969
118.62958526611328
120.73064422607422
120.53168487548828
116.246337890625
120.86021423339844
107.48333740234375
124.05140686035156
121.50477600097656
120.80128479003906
121.36283874511719
0
0
0
0
0
0
0
0
0
0
0
117.59540557861328
106.98095703125
111.44711303710938
0
0
0
111.7349853515625
57.36958312988281
0
0
0
0
0
0
0
0
0
0
0
0
0
0
0
0
0
0
112.5567626953125
109.26612091064453
114.34880828857422
0
0
0
110.85761260986328
123.36296844482422
0
0
0
0
108.75284576416016
117.35480499267578
120.02728271484375
0
0
0
0
0
0
0
0
0
0
0
112.69818878173828
108.64765167236328
109.26913452148438
0
0
0
114.2033920288086
106.06551361083984
110.2991714477539
0
0
0
119.88027954101563
121.1667251586914
0
115.19578552246094
116.88623809814453
119.83892822265625
0
0
0
0
0
0
0
0
108.51817321777344
106.32492065429688
109.93498229980469
0
0
0
107.42166900634766
114.55584716796875
111.9239730834961
0
0
0
113.6607894897461
0
0
93.31633758544922
107.98484802246094
108.11432647705078
107.90628814697266
0
0
0
0
0
0
0
108.82649230957031
108.56867980957031
109.09605407714844
0
0
0
113.98324584960938
112.47114562988281
111.21939849853516
0
0
0
117.16975402832031
0
0
99.19845581054688
107.64865112304688
103.15470123291016
108.45037841796875
0
0
0
0
0
0
0
110.6665267944336
108.94738006591797
113.98772430419922
0
0
0
106.77999114990234
114.22203826904297
110.02230834960938
0
0
0
114.51636505126953
109.67286682128906
109.35858917236328
113.26289367675781
111.44576263427734
105.90589904785156
120.52458953857422
110.04148864746094
109.51231384277344
0
0
109.43055725097656
0
0
112.3997573852539
115.90189361572266
109.21354675292969
0
0
0
105.29948425292969
107.0836410522461
0
0
0
0
0
0
0
0
0
0
0
0
0
0
0
0
0
0
113.51028442382813
104.14665985107422
110.64339447021484
0
0
0
112.7806625366211
113.55304718017578
111.30782318115234
0
0
0
107.8840103149414
109.69020080566406
104.75982666015625
116.49327087402344
113.15592956542969
0
124.30492401123047
130.65158081054688
0
120.61326599121094
116.29696655273438
115.34120178222656
119.92842864990234
116.89630126953125
101.57688903808594
109.32422637939453
116.29194641113281
0
0
0
103.01261901855469
105.89285278320313
0
0
0
0
119.88776397705078
117.36360931396484
120.08145904541016
0
0
0
0
0
0
0
0
0
0
0
108.56193542480469
108.24017333984375
109.762451171875
0
0
0
111.33219146728516
107.8936538696289
105.26274871826172
110.14762115478516
108.0489273071289
106.88019561767578
109.95352172851563
117.2938003540039
113.2191390991211
109.32942962646484
0
0
0
0
0
0
0
0
0
0
110.78832244873047
104.600830078125
110.01435852050781
105.45626068115234
0
0
109.35797882080078
107.20341491699219
113.2563705444336
0
0
0
115.65275573730469
0
0
0
0
0
0
0
0
0
0
0
0
0
112.03321075439453
106.76553344726563
109.32042694091797
0
0
0
108.80355834960938
110.42401885986328
111.0537109375
0
0
0
110.05255126953125
109.75907897949219
107.12623596191406
115.0085678100586
105.84513854980469
108.49015045166016
124.66464233398438
110.01374816894531
109.50745391845703
0
0
109.3731689453125
0
0
110.61785125732422
113.59854125976563
113.06074523925781
0
0
0
110.26627349853516
120.98316955566406
119.6183853149414
0
0
0
0
0
0
0
0
0
0
0
0
0
0
0
0
0
108.5750503540039
103.02957153320313
102.41908264160156
0
0
0
110.51876068115234
111.01603698730469
109.39928436279297
0
0
0
116.60010528564453
116.12428283691406
106.57521057128906
112.2205810546875
113.13516235351563
0
124.5751724243164
125.04496002197266
0
120.59850311279297
116.2957992553711
120.87838745117188
119.8931884765625
116.8893051147461
112.38163757324219
110.23899841308594
112.28456115722656
0
0
0
116.18394470214844
56.58335876464844
0
0
0
0
0
0
0
0
0
0
0
0
0
0
0
0
0
0
111.39361572265625
105.50822448730469
107.76530456542969
0
0
0
116.89382934570313
113.27120971679688
111.35310363769531
0
0
0
115.89856719970703
110.91776275634766
105.62968444824219
105.43340301513672
106.43697357177734
108.52129364013672
118.22674560546875
110.04887390136719
109.51082611083984
0
0
109.3999252319336
0
0
104.93705749511719
114.42491149902344
109.89249420166016
105.94114685058594
110.82887268066406
113.4422836303711
107.25450134277344
115.12641906738281
112.68797302246094
0
0
0
0
0
0
0
0
0
0
0
0
0
0
0
0
0
106.5124282836914
108.9665298461914
110.89945983886719
111.90380859375
116.39701843261719
109.1938705444336
102.87557983398438
111.97715759277344
110.20214080810547
0
0
0
114.81262969970703
0
0
0
0
0
0
0
0
0
0
0
0
0
109.75324249267578
108.29306030273438
111.23233795166016
0
0
0
111.25074768066406
119.0042724609375
0
0
0
0
121.6168212890625
117.37139892578125
120.05349731445313
0
0
0
0
0
0
0
0
0
0
0
111.73355865478516
104.04371643066406
106.95833587646484
105.43897247314453
0
0
117.33794403076172
109.15956115722656
108.89085388183594
0
0
0
106.47833251953125
0
0
0
0
0
0
0
0
0
0
0
0
0
118.02741241455078
107.81478881835938
107.29742431640625
107.55323028564453
119.56739044189453
121.82377624511719
117.05282592773438
120.8351058959961
121.1116943359375
119.14031982421875
120.4564437866211
118.36664581298828
117.28583526611328
119.7770767211914
0
0
0
0
0
0
0
0
0
0
0
0
108.80574035644531
108.06745147705078
112.28240966796875
109.06404876708984
109.25749206542969
111.32614135742188
110.26251220703125
108.10885620117188
115.74034881591797
0
0
0
114.32460021972656
0
0
0
0
0
0
0
0
0
0
0
0
0
107.62226104736328
109.07029724121094
103.36320495605469
116.6545181274414
120.36869812011719
126.27481079101563
106.8467025756836
122.85518646240234
110.80858612060547
107.32593536376953
123.64482879638672
0
0
0
0
0
0
0
0
0
0
0
0
0
0
0
108.15550994873047
98.89454650878906
112.33434295654297
0
0
0
118.34156036376953
102.584228515625
121.11709594726563
0
0
0
115.19207000732422
118.76334381103516
118.9322280883789
0
0
0
0
0
0
0
0
0
0
0
116.06084442138672
117.34605407714844
107.540771484375
0
0
0
102.43666076660156
107.07328033447266
0
0
0
0
0
0
0
0
0
0
0
0
0
0
0
0
0
0
100.56950378417969
110.98421478271484
107.8156967163086
0
0
0
110.58718872070313
110.34986877441406
108.49910736083984
115.06735229492188
115.14545440673828
104.37555694580078
104.76463317871094
116.76313018798828
117.42315673828125
111.36261749267578
0
0
0
0
0
0
0
0
0
0
106.33421325683594
114.111328125
116.32942199707031
0
0
0
110.50387573242188
0
0
0
0
0
0
0
0
0
0
0
0
0
0
0
0
0
0
0
118.07157135009766
104.47746276855469
119.11552429199219
0
0
0
113.3663101196289
118.61036682128906
123.28907012939453
0
0
0
0
0
0
0
0
0
0
0
0
0
0
0
0
0
109.8757095336914
107.9832534790039
109.20637512207031
110.63023376464844
109.53803253173828
111.33633422851563
110.21710968017578
102.84688568115234
114.57054138183594
0
0
0
108.41436767578125
0
0
0
0
0
0
0
0
0
0
0
0
0
106.81560516357422
107.22563934326172
115.11963653564453
0
0
0
111.1843032836914
113.8546371459961
111.74032592773438
0
0
0
111.8266372680664
118.24193572998047
0
115.62659454345703
116.86884307861328
119.82522583007813
0
0
0
0
0
0
0
0
115.3642578125
109.88455963134766
114.14955139160156
0
0
0
110.07862854003906
0
0
0
0
0
0
0
0
0
0
0
0
0
0
0
0
0
0
0
110.55370330810547
104.05978393554688
112.57191467285156
109.06208038330078
109.35176849365234
112.87487030029297
115.3396224975586
107.4762191772461
110.1213607788086
0
0
0
115.92044830322266
0
0
0
0
0
0
0
0
0
0
0
0
0
117.47881317138672
111.46680450439453
110.26811218261719
0
0
0
111.07656860351563
97.14306640625
0
0
0
0
0
0
0
0
0
0
0
0
0
0
0
0
0
0
112.33340454101563
107.40451049804688
110.41300201416016
0
0
0
111.7964096069336
107.06494903564453
0
0
0
0
0
0
0
0
0
0
0
0
0
0
0
0
0
0
112.25174713134766
111.44246673583984
112.39054107666016
0
0
0
104.727783203125
107.06916046142578
108.63697814941406
0
0
0
113.55091857910156
121.70333862304688
0
117.4588623046875
116.85708618164063
119.8099136352539
0
0
0
0
0
0
0
0
104.51072692871094
103.72211456298828
107.65068054199219
0
0
0
118.33657836914063
117.79681396484375
110.82160186767578
0
0
0
111.27642059326172
105.35443115234375
106.4544677734375
123.5955810546875
110.6090087890625
109.377685546875
111.26493835449219
110.01657104492188
109.48420715332031
0
0
109.40721130371094
0
0
112.35468292236328
109.32588195800781
108.7864990234375
0
0
0
117.72127532958984
122.28435516357422
0
0
0
0
115.69573974609375
117.3758544921875
120.05716705322266
0
0
0
0
0
0
0
0
0
0
0
109.06654357910156
101.55445861816406
111.69587707519531
114.72867584228516
113.50853729248047
103.6584243774414
116.35684204101563
108.98490142822266
102.82585144042969
0
0
0
115.02136993408203
0
0
0
0
0
0
0
0
0
0
0
0
0
114.54536437988281
112.20352935791016
107.73951721191406
0
0
0
114.76566314697266
0
0
0
0
0
0
0
0
0
0
0
0
0
0
0
0
0
0
0
109.49417877197266
107.54064178466797
110.72227478027344
0
0
0
111.22565460205078
97.16404724121094
0
0
0
0
0
0
0
0
0
0
0
0
0
0
0
0
0
0
102.0509033203125
107.63035583496094
107.81687927246094
0
0
0
114.81098175048828
113.24103546142578
109.04405975341797
0
0
0
110.56584167480469
107.32136535644531
105.034423828125
117.91295623779297
106.81529235839844
113.41416931152344
120.07618713378906
110.05021667480469
109.52043151855469
0
0
109.40990447998047
0
0
112.49403381347656
117.33271789550781
111.22053527832031
0
0
0
109.5029525756836
129.63516235351563
0
0
0
0
111.27401733398438
117.35790252685547
120.04951477050781
0
0
0
0
0
0
0
0
0
0
0
108.02310180664063
0
0
0
0
0
0
0
0
0
0
0
0
0
0
0
0
0
0
0
0
0
0
0
0
0
117.33738708496094
112.67739868164063
104.3781509399414
0
0
0
114.82877349853516
107.80136108398438
118.20252990722656
0
0
0
109.29668426513672
118.49104309082031
0
121.73661804199219
116.86273956298828
119.84867095947266
0
0
0
0
0
0
0
0
95.72370147705078
104.71711730957031
94.82015228271484
105.48005676269531
0
0
126.84506225585938
111.35206604003906
109.60610961914063
0
0
0
117.3038558959961
0
0
0
0
0
0
0
0
0
0
0
0
0
109.79466247558594
108.88677215576172
107.71825408935547
0
0
0
115.6570816040039
119.37257385253906
0
0
0
0
114.57389068603516
117.31925201416016
120.06291961669922
0
0
0
0
0
0
0
0
0
0
0
113.98165893554688
113.82901000976563
105.5232162475586
0
0
0
114.55118560791016
43.18012619018555
0
0
0
0
0
0
0
0
0
0
0
0
0
0
0
0
0
0
114.02034759521484
107.94556427001953
105.3965835571289
108.19891357421875
127.94855499267578
119.4501953125
120.18741607666016
121.51231384277344
120.91468048095703
127.51689910888672
107.43797302246094
121.0770492553711
124.43168640136719
115.17162322998047
114.75137329101563
0
0
0
0
0
0
0
0
0
0
0
114.05176544189453
112.31810760498047
107.81980895996094
0
0
0
107.07070922851563
110.70846557617188
113.88459014892578
0
0
0
104.32511138916016
112.0040054321289
0
119.48151397705078
116.86593627929688
119.84278106689453
0
0
0
0
0
0
0
0
119.7139892578125
110.25968933105469
108.08572387695313
0
0
0
108.41934204101563
107.1031265258789
0
0
0
0
0
0
0
0
0
0
0
0
0
0
0
0
0
0
110.92322540283203
108.79671478271484
102.7866439819336
117.19652557373047
119.8952865600586
121.8551254272461
120.30013275146484
118.3766098022461
119.58743286132813
116.83192443847656
107.4665298461914
123.87366485595703
122.54277801513672
114.41349792480469
118.20000457763672
0
0
0
0
0
0
0
0
0
0
0
109.4162368774414
111.70419311523438
108.17485046386719
0
0
0
107.09870910644531
107.07763671875
0
0
0
0
0
0
0
0
0
0
0
0
0
0
0
0
0
0
119.81448364257813
106.50300598144531
109.88984680175781
105.48029327392578
0
0
116.34989929199219
112.9955825805664
111.81246185302734
0
0
0
106.7119369506836
0
0
0
0
0
0
0
0
0
0
0
0
0
112.91893768310547
112.3941421508789
104.58055877685547
0
0
0
112.2154312133789
120.06392669677734
110.12606811523438
0
0
0
109.5207290649414
0
0
101.66597747802734
107.42567443847656
102.40843200683594
105.17566680908203
0
0
0
0
0
0
0
109.56613159179688
112.30500030517578
111.95207977294922
0
0
0
101.08255004882813
107.07380676269531
0
0
0
0
0
0
0
0
0
0
0
0
0
0
0
0
0
0
109.10662078857422
105.6632080078125
117.56483459472656
104.46466064453125
107.39830017089844
110.21083068847656
102.81842803955078
110.26837158203125
113.09379577636719
0
0
0
112.44966125488281
109.21672821044922
110.14373016357422
104.40654754638672
0
0
0
0
0
0
0
0
0
0
117.84395599365234
106.6871566772461
113.55486297607422
105.45307922363281
0
0
109.91645812988281
112.49588775634766
107.04821014404297
0
0
0
112.84986877441406
0
0
0
0
0
0
0
0
0
0
0
0
0
110.87247467041016
111.11258697509766
118.7083969116211
0
0
0
108.9290542602539
116.32196044921875
106.9020004272461
0
0
0
0
0
0
0
0
0
0
0
0
0
0
0
0
0
106.03092193603516
116.7850570678711
107.82821655273438
0
0
0
118.01128387451172
45.528926849365234
0
0
0
0
0
0
0
0
0
0
0
0
0
0
0
0
0
0
103.32427215576172
107.93546295166016
107.90782165527344
0
0
0
107.9316635131836
112.1429214477539
113.20561218261719
0
0
0
97.52604675292969
111.64912414550781
107.79765319824219
106.5517807006836
113.11022186279297
0
120.93399047851563
124.42272186279297
0
120.60285949707031
116.27982330322266
117.04800415039063
119.92089080810547
116.86505889892578
103.77580261230469
113.1399154663086
103.29397583007813
0
0
0
116.18347930908203
109.9063720703125
117.85843658447266
0
0
0
118.0655746459961
111.0622329711914
115.41007232666016
0
0
0
0
0
0
0
0
0
0
0
96.43338012695313
106.88322448730469
96.42282104492188
105.45262908935547
0
0
118.50224304199219
106.2113265991211
112.02384185791016
0
0
0
115.65341186523438
0
0
0
0
0
0
0
0
0
0
0
0
0
108.6814193725586
0
0
0
0
0
0
0
0
0
0
0
0
0
0
0
0
0
0
0
0
0
0
0
0
0
111.93476867675781
108.53785705566406
111.09455108642578
0
0
0
111.62371063232422
107.06714630126953
0
0
0
0
0
0
0
0
0
0
0
0
0
0
0
0
0
0
108.26793670654297
108.96676635742188
114.91748046875
0
0
0
105.54771423339844
107.11381530761719
0
0
0
0
0
0
0
0
0
0
0
0
0
0
0
0
0
0
107.25165557861328
107.80215454101563
109.91111755371094
0
0
0
117.20054626464844
110.56509399414063
109.40866088867188
0
0
0
111.97250366210938
114.94815826416016
105.14704895019531
113.712158203125
113.9095687866211
104.00296783447266
117.8583984375
110.02449798583984
109.49606323242188
0
0
109.392333984375
0
0
109.62164306640625
108.84203338623047
108.19100952148438
108.34681701660156
120.00615692138672
119.78666687011719
119.17047119140625
120.93605041503906
119.876220703125
120.13192749023438
107.48252868652344
121.703369140625
119.45807647705078
119.02388000488281
120.74012756347656
0
0
0
0
0
0
0
0
0
0
0
99.66179656982422
117.40595245361328
110.9896469116211
101.7483139038086
108.68494415283203
114.66334533691406
105.46624755859375
113.87127685546875
118.759033203125
0
0
0
0
0
0
0
0
0
0
0
0
0
0
0
0
0
110.06908416748047
117.1636734008789
109.79399108886719
0
0
0
108.80821990966797
122.37528991699219
0
0
0
0
115.5490493774414
117.34074401855469
120.03262329101563
0
0
0
0
0
0
0
0
0
0
0
110.52008056640625
110.41521453857422
112.74905395507813
0
0
0
111.19027709960938
58.83264923095703
0
0
0
0
0
0
0
0
0
0
0
0
0
0
0
0
0
0
114.36006164550781
111.39456939697266
105.0212631225586
0
0
0
109.03926086425781
0
0
0
0
0
0
0
0
0
0
0
0
0
0
0
0
0
0
0
112.93280792236328
114.76336669921875
104.83990478515625
111.1461181640625
121.94042205810547
118.36693572998047
121.34098052978516
118.20233154296875
120.3894271850586
123.14453887939453
107.46337127685547
119.0971450805664
120.98146057128906
121.97657012939453
119.7210693359375
0
0
0
0
0
0
0
0
0
0
0
104.44745635986328
102.56898498535156
118.04956817626953
0
0
0
109.29962921142578
122.04512786865234
110.45480346679688
0
0
0
104.7583999633789
105.83043670654297
113.99388885498047
114.32046508789063
111.2599105834961
115.0915298461914
104.18265533447266
110.02059936523438
109.48184204101563
0
0
109.38103485107422
0
0
110.51393127441406
108.10309600830078
105.13610076904297
105.41572570800781
0
0
113.43507385253906
113.25872802734375
112.45133972167969
0
0
0
110.94181060791016
0
0
0
0
0
0
0
0
0
0
0
0
0
114.84412384033203
109.54727935791016
102.91709899902344
105.42298889160156
0
0
110.16404724121094
106.27363586425781
112.17415618896484
0
0
0
111.22972106933594
0
0
0
0
0
0
0
0
0
0
0
0
0
110.40666198730469
106.91424560546875
110.68295288085938
0
0
0
110.14129638671875
107.66926574707031
111.61235809326172
0
0
0
116.37360382080078
111.47728729248047
0
120.55060577392578
116.8647689819336
119.84302520751953
0
0
0
0
0
0
0
0
107.47369384765625
113.55142974853516
112.79945373535156
0
0
0
109.34695434570313
0
0
0
0
0
0
0
0
0
0
0
0
0
0
0
0
0
0
0
118.16390991210938
112.52228546142578
108.5071029663086
0
0
0
111.79035949707031
126.06741333007813
0
0
0
0
115.22564697265625
117.37351989746094
120.04742431640625
0
0
0
0
0
0
0
0
0
0
0
107.95228576660156
112.68219757080078
109.38256072998047
0
0
0
115.40625762939453
115.54037475585938
108.04220581054688
0
0
0
109.34685516357422
114.06815338134766
114.76495361328125
101.72998809814453
106.71600341796875
111.88976287841797
110.69053649902344
110.02774047851563
109.52227783203125
0
0
109.40922546386719
0
0
111.37996673583984
107.21928405761719
110.26193237304688
110.29182434082031
118.96267700195313
126.2713394165039
107.28584289550781
121.96671295166016
110.72640991210938
107.16545104980469
123.74049377441406
0
0
0
0
0
0
0
0
0
0
0
0
0
0
0
110.5348129272461
104.34886932373047
114.89006805419922
114.29170227050781
113.22004699707031
107.06961059570313
108.30281829833984
107.04251098632813
108.69821166992188
0
0
0
116.6529769897461
111.29331970214844
108.99951171875
110.5833511352539
0
0
0
0
0
0
0
0
0
0
116.68218994140625
108.7168197631836
117.08753204345703
109.48393249511719
111.69639587402344
104.58049011230469
107.32530975341797
109.87030029296875
105.55463409423828
0
0
0
116.316650390625
110.51759338378906
112.91311645507813
106.26869201660156
0
0
0
0
0
0
0
0
0
0
110.37276458740234
104.2928237915039
115.0578842163086
108.37665557861328
109.62083435058594
106.62663269042969
111.60717010498047
109.59737396240234
111.77481079101563
0
0
0
109.33073425292969
0
0
0
0
0
0
0
0
0
0
0
0
0
115.69769287109375
111.14146423339844
109.06906127929688
0
0
0
106.81854248046875
0
0
0
0
0
0
0
0
0
0
0
0
0
0
0
0
0
0
0
112.68250274658203
104.69132232666016
113.08154296875
0
0
0
110.47746276855469
57.515689849853516
0
0
0
0
0
0
0
0
0
0
0
0
0
0
0
0
0
0
109.32501983642578
108.28768920898438
111.76318359375
0
0
0
113.48877716064453
115.42668914794922
108.88922882080078
0
0
0
109.58399963378906
122.21106719970703
106.91862487792969
0
0
0
0
0
0
0
0
0
0
0
104.02240753173828
0
0
0
0
0
0
0
0
0
0
0
0
0
0
0
0
0
0
0
0
0
0
0
0
0
115.76187133789063
112.66500854492188
111.94173431396484
0
0
0
114.09388732910156
117.70349884033203
0
0
0
0
116.90394592285156
117.3521728515625
120.03491973876953
0
0
0
0
0
0
0
0
0
0
0
102.2170181274414
113.93355560302734
112.04882049560547
109.36048126220703
108.56336975097656
113.08830261230469
104.35601043701172
110.84703826904297
111.31777954101563
0
0
0
0
0
0
0
0
0
0
0
0
0
0
0
0
0
101.99742889404297
105.45902252197266
117.08478546142578
113.99764251708984
120.1027603149414
119.25407409667969
121.0704116821289
120.5005874633789
116.59076690673828
119.70401000976563
107.47789001464844
124.08840942382813
122.75311279296875
118.59823608398438
120.82305908203125
0
0
0
0
0
0
0
0
0
0
0
