1.5373389720916748
1.5406098365783691
1.2550606727600098
1.3318482637405396
1.4658666849136353
1.5222821235656738
1.2342263460159302
1.3187612295150757
1.484717607498169
1.5287868976593018
1.2028005123138428
1.299853801727295
1.4697651863098145
1.543807864189148
1.2910414934158325
1.327294111251831
1.4616496562957764
1.5378601551055908
1.2757147550582886
1.3486658334732056
1.4251792430877686
1.5307146310806274
1.222939133644104
1.2775832414627075
1.4421353340148926
1.5201061964035034
1.2628759145736694
1.3287309408187866
1.4665175676345825
1.525349736213684
1.2440223693847656
1.3325515985488892
1.4224883317947388
1.520759105682373
1.258144497871399
1.3281524181365967
1.4696691036224365
1.5324201583862305
1.229231595993042
1.30291748046875
1.447502613067627
1.5295506715774536
1.230665922164917
1.3289265632629395
1.4612559080123901
1.5162608623504639
1.2715682983398438
1.3068033456802368
1.4838411808013916
1.4982471466064453
1.2664743661880493
1.2981133460998535
1.5255471467971802
1.5661497116088867
1.2603497505187988
1.297069787979126
1.4686814546585083
1.5135202407836914
1.22957181930542
1.287723422050476
1.4513605833053589
1.497148871421814
1.2065495252609253
1.2762320041656494
1.4453212022781372
1.533390998840332
1.2326732873916626
1.3567060232162476
1.440873384475708
1.5255903005599976
1.230270504951477
1.3046607971191406
1.4639028310775757
1.5513887405395508
1.243019938468933
1.327751874923706
1.4814809560775757
1.5234440565109253
1.2506184577941895
1.2624287605285645
1.4844454526901245
1.532440423965454
1.2715023756027222
1.3408958911895752
1.47212815284729
1.5426738262176514
1.2687538862228394
1.3436880111694336
1.4654607772827148
1.533105492591858
1.2412729263305664
1.3217743635177612
1.4688377380371094
1.5390161275863647
1.2240837812423706
1.3123170137405396
1.4988840818405151
1.5168558359146118
1.2328981161117554
1.2979880571365356
1.4906641244888306
1.5239750146865845
1.2373713254928589
1.3175398111343384
1.4730392694473267
1.525926947593689
1.2787060737609863
1.3236808776855469
1.4295964241027832
1.5549818277359009
1.231352686882019
1.290024995803833
1.4582871198654175
1.5371243953704834
1.2485456466674805
1.3187313079833984
1.4666097164154053
1.5189793109893799
1.2346853017807007
1.3301328420639038
1.4231452941894531
1.5213351249694824
1.2698547840118408
1.3247034549713135
1.4701416492462158
1.5131006240844727
1.2394651174545288
1.2924737930297852
1.4617841243743896
1.5596446990966797
1.2464770078659058
1.3300820589065552
1.466905117034912
1.5112792253494263
1.23881995677948
1.3203179836273193
1.4652894735336304
1.5256143808364868
1.2442511320114136
1.321366786956787
1.4580880403518677
1.5257476568222046
1.2478837966918945
1.325592279434204
1.495720386505127
1.5234935283660889
1.2468270063400269
1.2824522256851196
1.4719722270965576
1.5236722230911255
1.24806547164917
1.2922766208648682
1.4646912813186646
1.543123722076416
1.2236151695251465
1.3029394149780273
1.4632213115692139
1.5142863988876343
1.2131187915802002
1.3314898014068604
1.480276346206665
1.5508058071136475
1.23028564453125
1.3284525871276855
1.4356358051300049
1.5120667219161987
1.2303547859191895
1.3023462295532227
1.4992409944534302
1.4965970516204834
1.2376024723052979
1.30154550075531
1.468306541442871
1.5543932914733887
1.2203518152236938
1.3281465768814087
1.4521026611328125
1.5562694072723389
1.2130413055419922
1.3276067972183228
1.4519994258880615
1.5537973642349243
1.26582932472229
1.3292161226272583
1.4730862379074097
1.5459277629852295
1.2598652839660645
1.3423470258712769
1.451991319656372
1.5073800086975098
1.2692517042160034
1.2937538623809814
1.4427448511123657
1.495737910270691
1.2428463697433472
1.3316267728805542
1.486289381980896
1.5451050996780396
1.2240369319915771
1.2985588312149048
1.4583548307418823
1.5142813920974731
1.2494406700134277
1.3556452989578247
1.4482914209365845
1.522318959236145
1.246699333190918
1.3251789808273315
1.4277530908584595
1.5335893630981445
1.2087045907974243
1.296229362487793
1.4788131713867188
1.532711386680603
1.2579201459884644
1.31369149684906
1.5114763975143433
1.5217844247817993
1.2727915048599243
1.3438694477081299
1.452859878540039
1.5314252376556396
1.2346526384353638
1.3217790126800537
1.484511137008667
1.522995114326477
1.2670637369155884
1.3387367725372314
1.4844074249267578
1.5308479070663452
1.2643831968307495
1.3020989894866943
1.4833468198776245
1.5361175537109375
1.25809907913208
1.3312840461730957
1.4578819274902344
1.4864051342010498
1.2342994213104248
1.262485146522522
1.4550905227661133
1.4899139404296875
1.2223116159439087
1.308626651763916
1.4881597757339478
1.547241449356079
1.2580852508544922
1.3271698951721191
1.4641497135162354
1.5607186555862427
1.2762787342071533
1.3121291399002075
1.4909217357635498
1.5238803625106812
1.2716805934906006
1.2991507053375244
1.4777148962020874
1.5354825258255005
1.2406482696533203
1.2928805351257324
1.4605391025543213
1.5252323150634766
1.2579683065414429
1.3322874307632446
1.4710785150527954
1.567138910293579
1.2839603424072266
1.3672319650650024
1.4860986471176147
1.5071282386779785
1.2284759283065796
1.3132206201553345
1.4551448822021484
1.5537859201431274
1.2270079851150513
1.2908573150634766
1.4242650270462036
1.4771448373794556
1.2348817586898804
1.2848142385482788
1.478879451751709
1.5689209699630737
1.2317737340927124
1.3364496231079102
1.4381537437438965
1.543542742729187
1.2553123235702515
1.3308218717575073
1.4573521614074707
1.5478118658065796
1.2538748979568481
1.3477931022644043
1.4661040306091309
1.5365585088729858
1.2746578454971313
1.337446928024292
1.4570306539535522
1.5337005853652954
1.2282795906066895
1.304816484451294
1.4851552248001099
1.537278413772583
1.2525633573532104
1.292345404624939
1.4489845037460327
1.5266304016113281
1.2107419967651367
1.3423166275024414
1.4899276494979858
1.5436559915542603
1.2327332496643066
1.316817283630371
1.4623700380325317
1.512369990348816
1.1903364658355713
1.2740087509155273
1.4674524068832397
1.5392378568649292
1.2463078498840332
1.3260750770568848
1.4473931789398193
1.526951551437378
1.2463270425796509
1.3194077014923096
1.485831379890442
1.5633445978164673
1.263338565826416
1.2900630235671997
1.4551223516464233
1.5169579982757568
1.1940163373947144
1.2830451726913452
1.4435765743255615
1.5237337350845337
1.2358942031860352
1.3048067092895508
1.4622238874435425
1.5247670412063599
1.2163305282592773
1.3446879386901855
1.4711989164352417
1.5278410911560059
1.2438091039657593
1.3017172813415527
1.4585163593292236
1.5257021188735962
1.2399654388427734
1.3125208616256714
1.4735772609710693
1.4992294311523438
1.1986702680587769
1.2807896137237549
1.4823269844055176
1.5559114217758179
1.2455332279205322
1.305976390838623
1.4744962453842163
1.5489848852157593
1.2141565084457397
1.3179072141647339
1.4842989444732666
1.5223619937896729
1.248849630355835
1.3325856924057007
1.4882158041000366
1.5342806577682495
1.2343229055404663
1.3421006202697754
1.451993703842163
1.5125528573989868
1.220428466796875
1.3042811155319214
1.5034979581832886
1.54835844039917
1.242349624633789
1.3173080682754517
1.482771873474121
1.5293445587158203
1.2308738231658936
1.289086937904358
1.4874894618988037
1.5248756408691406
1.2383198738098145
1.3307342529296875
1.4516371488571167
1.556178331375122
1.2160453796386719
1.3208496570587158
1.4628920555114746
1.539831280708313
1.2373075485229492
1.325616717338562
1.4480997323989868
1.5044606924057007
1.2448971271514893
1.304641604423523
1.490971565246582
1.549857258796692
1.2523800134658813
1.3261586427688599
1.4866344928741455
1.5080796480178833
1.2976351976394653
1.3503496646881104
1.4943660497665405
1.5140376091003418
1.2270673513412476
1.2862588167190552
1.4651833772659302
1.5225131511688232
1.2378594875335693
1.3114959001541138
1.4397293329238892
1.4930638074874878
1.2052854299545288
1.2594811916351318
1.4806554317474365
1.541846513748169
1.2294371128082275
1.3437608480453491
1.4855937957763672
1.5489650964736938
1.2454941272735596
1.3108102083206177
1.4777289628982544
1.5608047246932983
1.2533680200576782
1.3260620832443237
1.4857550859451294
1.5151691436767578
1.231400489807129
1.3157814741134644
1.4713082313537598
1.535933017730713
1.2422012090682983
1.3358582258224487
1.5052049160003662
1.536230444908142
1.247856616973877
1.3259652853012085
1.4677883386611938
1.5336885452270508
1.2175666093826294
1.3533788919448853
1.473792552947998
1.5115220546722412
1.2320607900619507
1.3278764486312866
1.4941682815551758
1.5181995630264282
1.2510175704956055
1.3121235370635986
1.448609471321106
1.536360502243042
1.2601685523986816
1.3052011728286743
1.475226640701294
1.5196208953857422
1.2540302276611328
1.3116222620010376
1.4823161363601685
1.534493327140808
1.2439162731170654
1.3235198259353638
1.4893900156021118
1.55544912815094
1.2325241565704346
1.3420964479446411
1.4932678937911987
1.5107609033584595
1.240347146987915
1.3375167846679688
1.4858204126358032
1.5019466876983643
1.238783836364746
1.257292628288269
1.482965111732483
1.5411765575408936
1.241384506225586
1.3319752216339111
1.4378268718719482
1.4997366666793823
1.2279025316238403
1.2760645151138306
1.454622507095337
1.5144442319869995
1.22628915309906
1.3131017684936523
1.4748741388320923
1.540531873703003
1.255792260169983
