1.5069165229797363
1.0949000120162964
1.0973716974258423
0
0
0
1.5338773727416992
1.0906118154525757
1.0355767011642456
0
0
0
1.5065127611160278
1.2170757055282593
1.2468563318252563
0
0
0
0
0
0
0
0
0
0
0
1.5317329168319702
1.1060338020324707
1.41751229763031
0.9635879397392273
0
0
1.559332251548767
1.060102939605713
1.1111582517623901
0
0
0
1.0916296243667603
0
0
0
0
0
0
0
0
0
0
0
0
0
1.5147405862808228
1.0980533361434937
1.0798643827438354
0
0
0
1.0834581851959229
0
0
0
0
0
0
0
0
0
0
0
0
0
0
0
0
0
0
0
1.51383376121521
1.076872706413269
1.1273350715637207
0
0
0
1.0586351156234741
0
0
0
0
0
0
0
0
0
0
0
0
0
0
0
0
0
0
0
1.5236990451812744
1.0531165599822998
1.0886601209640503
0
0
0
1.1049860715866089
0
0
0
0
0
0
0
0
0
0
0
0
0
0
0
0
0
0
0
1.5087006092071533
1.1081327199935913
1.0726971626281738
0
0
0
1.519148588180542
1.1341989040374756
1.0800668001174927
0
0
0
1.4968868494033813
1.100532054901123
1.0864278078079224
1.5324198007583618
1.0654017925262451
1.070067048072815
1.5080777406692505
1.0400080680847168
1.0404884815216064
0
0
1.0397541522979736
0
0
1.5466903448104858
1.1372833251953125
1.05692720413208
1.4680781364440918
1.3988701105117798
1.0224567651748657
1.4072880744934082
1.0516595840454102
1.3671380281448364
1.0841645002365112
1.4064046144485474
0.9958212375640869
1.402024269104004
1.084153413772583
0
0
0
0
0
0
0
0
0
0
0
0
1.5108757019042969
1.0915476083755493
1.1068824529647827
0
0
0
1.528835654258728
1.06755793094635
1.0689945220947266
0
0
0
1.5634206533432007
1.2579820156097412
1.2927881479263306
0
0
0
0
0
0
0
0
0
0
0
1.536418080329895
1.0843970775604248
1.1099982261657715
0
0
0
1.4810210466384888
1.055436372756958
1.0736359357833862
0
0
0
1.5394538640975952
1.04006826877594
1.0635226964950562
1.4648449420928955
1.0065408945083618
0
1.3218237161636353
1.3447976112365723
0
0.9907263517379761
1.0024513006210327
1.3393869400024414
0.9900828003883362
0.9917240142822266
1.5273733139038086
1.12545645236969
1.0721490383148193
0
0
0
1.5477582216262817
1.0264897346496582
1.1181720495224
0
0
0
1.5009125471115112
1.225961685180664
0
1.3119511604309082
0.9962782263755798
0.9940446019172668
0
0
0
0
0
0
0
0
1.526348352432251
1.130882740020752
1.0719612836837769
1.523397445678711
1.3946788311004639
0.999845564365387
1.3242363929748535
2.807978630065918
1.345887541770935
1.4084687232971191
1.048845887184143
0
0
0
0
0
0
0
0
0
0
0
0
0
0
0
1.5462881326675415
1.1012861728668213
1.064180612564087
0
0
0
1.5382450819015503
1.0766781568527222
1.0605525970458984
0
0
0
1.8277573585510254
0
0
1.817266821861267
1.0757403373718262
1.0533075332641602
1.101171612739563
0
0
0
0
0
0
0
1.520457148551941
1.0382137298583984
1.116065502166748
0
0
0
1.5003224611282349
1.223160743713379
1.2282216548919678
0
0
0
0
0
0
0
0
0
0
0
0
0
0
0
0
0
1.5538597106933594
0.9999424815177917
1.0883561372756958
0
0
0
1.4329761266708374
0.965308427810669
0
0
0
0
0
0
0
0
0
0
0
0
0
0
0
0
0
0
1.5664173364639282
1.00050687789917
1.073630452156067
0
0
0
1.4160946607589722
0.9655148983001709
0
0
0
0
0
0
0
0
0
0
0
0
0
0
0
0
0
0
1.5492069721221924
1.1322906017303467
1.398486852645874
0.9635794162750244
0
0
1.5055468082427979
1.0936185121536255
1.1177103519439697
0
0
0
1.0915151834487915
0
0
0
0
0
0
0
0
0
0
0
0
0
1.557976245880127
0.9996398091316223
1.0410767793655396
0
0
0
1.4687037467956543
0.9652802348136902
0
0
0
0
0
0
0
0
0
0
0
0
0
0
0
0
0
0
1.5316061973571777
1.114456057548523
1.056565761566162
0
0
0
1.0702935457229614
0
0
0
0
0
0
0
0
0
0
0
0
0
0
0
0
0
0
0
1.5322574377059937
1.091016173362732
1.0997967720031738
0
0
0
1.073175311088562
0
0
0
0
0
0
0
0
0
0
0
0
0
0
0
0
0
0
0
1.5491334199905396
1.000360369682312
1.0753190517425537
0
0
0
1.4224275350570679
0.965687096118927
0
0
0
0
0
0
0
0
0
0
0
0
0
0
0
0
0
0
1.49153733253479
1.0003862380981445
1.1057056188583374
0
0
0
1.4264439344406128
0.965370237827301
0
0
0
0
0
0
0
0
0
0
0
0
0
0
0
0
0
0
1.5257742404937744
1.0001609325408936
1.0755568742752075
0
0
0
1.453897476196289
0.9653299450874329
0
0
0
0
0
0
0
0
0
0
0
0
0
0
0
0
0
0
1.564139723777771
1.0605612993240356
1.0634592771530151
0
0
0
1.53948974609375
1.2882740497589111
0
0
0
0
1.3294817209243774
0.9965907335281372
0.9946939945220947
0
0
0
0
0
0
0
0
0
0
0
1.5305386781692505
1.0999755859375
1.0857195854187012
1.5118788480758667
1.4362035989761353
1.0692945718765259
1.39889657497406
1.0675963163375854
1.3853263854980469
1.3689911365509033
0.9596952199935913
1.3705253601074219
1.098351001739502
1.4063349962234497
1.0737971067428589
0
0
0
0
0
0
0
0
0
0
0
1.5149348974227905
1.0994288921356201
1.0564343929290771
0
0
0
1.7634423971176147
3.1890385150909424
0
0
0
0
0
0
0
0
0
0
0
0
0
0
0
0
0
0
1.5294815301895142
1.080268144607544
1.071510672569275
0
0
0
1.5393388271331787
1.2296090126037598
0
0
0
0
1.3495454788208008
0.9964751601219177
0.9949565529823303
0
0
0
0
0
0
0
0
0
0
0
1.5402883291244507
1.1048189401626587
1.0743093490600586
0
0
0
1.518680453300476
1.098656415939331
1.089874505996704
0
0
0
1.5068261623382568
1.2819328308105469
0
1.3762545585632324
0.9957517385482788
0.9939413070678711
0
0
0
0
0
0
0
0
1.5458720922470093
1.0856404304504395
1.0517828464508057
0
0
0
1.528173565864563
1.0988237857818604
1.0784823894500732
0
0
0
1.7922708988189697
0
0
1.7842798233032227
1.0715230703353882
1.1059397459030151
1.0830695629119873
0
0
0
0
0
0
0
1.538209319114685
1.0995062589645386
1.0807591676712036
0
0
0
1.519436240196228
1.0988034009933472
1.0592379570007324
0
0
0
1.8560272455215454
0
0
1.7970125675201416
1.066359519958496
1.1169097423553467
1.068889856338501
0
0
0
0
0
0
0
1.5102500915527344
1.0913002490997314
1.1013751029968262
0
0
0
1.5367189645767212
1.079845666885376
1.1209548711776733
0
0
0
1.523325800895691
1.0916157960891724
1.083009123802185
1.5302754640579224
1.0794748067855835
1.1018708944320679
1.5164692401885986
1.0408743619918823
1.0398129224777222
0
0
1.040062665939331
0
0
1.5733447074890137
1.0003933906555176
1.0622901916503906
0
0
0
1.3989442586898804
0.9656601548194885
0
0
0
0
0
0
0
0
0
0
0
0
0
0
0
0
0
0
1.5353422164916992
1.0939732789993286
1.0792139768600464
0
0
0
1.519709587097168
1.0686763525009155
1.0589723587036133
0
0
0
1.5026235580444336
1.0672322511672974
1.0602765083312988
1.464910864830017
1.0066789388656616
0
1.3805110454559326
1.3179141283035278
0
0.9905723929405212
1.0023901462554932
1.3517255783081055
0.9900710582733154
0.9917898774147034
1.5421526432037354
1.0922869443893433
1.041523814201355
0
0
0
1.5023431777954102
1.261245608329773
0
0
0
0
1.3647862672805786
0.9959303140640259
0.9950503706932068
0
0
0
0
0
0
0
0
0
0
0
1.552985668182373
1.0931401252746582
1.0843366384506226
0
0
0
1.5464398860931396
1.0822843313217163
1.5077461004257202
1.07839035987854
1.0874764919281006
1.1044728755950928
1.4848170280456543
1.1144460439682007
1.0827089548110962
1.140828013420105
0
0
0
0
0
0
0
0
0
0
1.5410271883010864
1.1264636516571045
1.384350061416626
0.9632343053817749
0
0
1.5112682580947876
1.1484450101852417
1.0732985734939575
0
0
0
1.0697541236877441
0
0
0
0
0
0
0
0
0
0
0
0
0
1.5403468608856201
1.078948736190796
1.082879900932312
0
0
0
1.520957589149475
1.0901423692703247
1.0864859819412231
0
0
0
1.5402103662490845
1.0771923065185547
1.0827053785324097
1.535317301750183
1.093393325805664
1.087428331375122
1.5061390399932861
1.040758490562439
1.0403506755828857
0
0
1.040124773979187
0
0
1.5280359983444214
1.0662933588027954
1.1008987426757813
0
0
0
1.5145779848098755
1.2487729787826538
1.2495735883712769
0
0
0
0
0
0
0
0
0
0
0
0
0
0
0
0
0
1.5666290521621704
1.0524814128875732
1.0863971710205078
0
0
0
1.5164494514465332
1.0656980276107788
1.1026440858840942
0
0
0
1.4730806350708008
1.0468549728393555
1.0767195224761963
1.5001665353775024
1.0068117380142212
0
1.3466230630874634
1.3479236364364624
0
0.990145206451416
1.0019927024841309
1.3610906600952148
0.9894634485244751
0.9916263222694397
1.5389291048049927
1.0774792432785034
1.0705313682556152
0
0
0
1.8042362928390503
3.075286865234375
0
0
0
0
0
0
0
0
0
0
0
0
0
0
0
0
0
0
1.4933069944381714
1.120848536491394
1.128496527671814
0
0
0
1.4907708168029785
1.1019505262374878
1.1174055337905884
0
0
0
1.5582356452941895
1.06280517578125
1.0841418504714966
1.5373605489730835
1.0885242223739624
1.0733506679534912
1.489697813987732
1.0407297611236572
1.0402804613113403
0
0
1.0398427248001099
0
0
1.551550269126892
1.0022060871124268
1.0538694858551025
1.5137020349502563
0.9271940588951111
1.094398021697998
1.5147608518600464
1.0638421773910522
1.106513261795044
0
0
0
0
0
0
0
0
0
0
0
0
0
0
0
0
0
1.5460398197174072
1.0810716152191162
1.496949315071106
1.085621953010559
1.0590229034423828
1.0883986949920654
1.5149205923080444
1.0706359148025513
1.0756871700286865
0
0
0
1.0697541236877441
0
0
0
0
0
0
0
0
0
0
0
0
0
1.5322219133377075
1.0992987155914307
1.0752644538879395
0
0
0
1.5100419521331787
1.2428802251815796
0
0
0
0
1.3219213485717773
0.995926558971405
0.9952199459075928
0
0
0
0
0
0
0
0
0
0
0
1.5460739135742188
1.1232545375823975
1.383500099182129
0.9633437395095825
0
0
1.5436148643493652
1.0610383749008179
1.108082890510559
0
0
0
1.1002837419509888
0
0
0
0
0
0
0
0
0
0
0
0
0
1.5475941896438599
1.0875868797302246
1.0696972608566284
1.510833978652954
1.368798017501831
1.0094709396362305
1.4036500453948975
1.057379961013794
1.4250062704086304
1.0514144897460938
1.413679599761963
1.0072580575942993
1.3850681781768799
1.0668237209320068
0
0
0
0
0
0
0
0
0
0
0
0
1.5452111959457397
1.073328971862793
1.5562033653259277
1.0628528594970703
1.0699926614761353
1.0733219385147095
1.5071511268615723
1.1084648370742798
1.067268967628479
0
0
0
1.1002837419509888
0
0
0
0
0
0
0
0
0
0
0
0
0
1.5562877655029297
1.1015511751174927
1.11114501953125
1.494081974029541
1.3554277420043945
1.0002543926239014
1.3401775360107422
2.807978630065918
1.329932451248169
1.3619588613510132
1.0737031698226929
0
0
0
0
0
0
0
0
0
0
0
0
0
0
0
1.561074137687683
1.124825358390808
1.065609335899353
0
0
0
1.5198644399642944
1.1046030521392822
1.0362871885299683
0
0
0
1.5345484018325806
1.1945419311523438
1.2314032316207886
0
0
0
0
0
0
0
0
0
0
0
1.5446901321411133
0.9998323917388916
1.0989055633544922
0
0
0
1.3521803617477417
0.9654695987701416
0
0
0
0
0
0
0
0
0
0
0
0
0
0
0
0
0
0
1.5260318517684937
1.0809450149536133
1.1020125150680542
0
0
0
1.520283579826355
1.1154625415802002
1.4970017671585083
1.0966718196868896
1.06034517288208
1.119086742401123
1.474776029586792
1.1031297445297241
1.0918054580688477
1.1304675340652466
0
0
0
0
0
0
0
0
0
0
1.5212910175323486
1.092637300491333
1.0686513185501099
0
0
0
1.0971016883850098
0
0
0
0
0
0
0
0
0
0
0
0
0
0
0
0
0
0
0
1.531480073928833
1.110931634902954
1.0621564388275146
0
0
0
1.483765721321106
1.2083815336227417
1.2283167839050293
0
0
0
0
0
0
0
0
0
0
0
0
0
0
0
0
0
1.5337183475494385
1.0630992650985718
1.5541164875030518
1.0515002012252808
1.070542335510254
1.0639228820800781
1.534822940826416
1.1014177799224854
1.0466079711914063
0
0
0
1.1002837419509888
0
0
0
0
0
0
0
0
0
0
0
0
0
1.50141441822052
1.1247624158859253
1.1020252704620361
0
0
0
1.4951863288879395
1.09479820728302
1.088422179222107
0
0
0
1.5043121576309204
1.2067444324493408
0
1.3025263547897339
0.9960447549819946
0.9948799014091492
0
0
0
0
0
0
0
0
1.5234837532043457
1.092011570930481
1.0661303997039795
0
0
0
1.0929802656173706
0
0
0
0
0
0
0
0
0
0
0
0
0
0
0
0
0
0
0
1.5431623458862305
1.0972720384597778
1.5466073751449585
1.0652409791946411
1.0696312189102173
1.057283878326416
1.502113699913025
1.1072707176208496
1.091552972793579
0
0
0
1.1002837419509888
0
0
0
0
0
0
0
0
0
0
0
0
0
1.5201224088668823
1.0859662294387817
1.0726540088653564
0
0
0
1.7916390895843506
1.3343889713287354
0
0
0
0
0
0
0
0
0
0
0
0
0
0
0
0
0
0
1.5189450979232788
1.0000200271606445
1.0897072553634644
0
0
0
1.4092410802841187
0.9652386903762817
0
0
0
0
0
0
0
0
0
0
0
0
0
0
0
0
0
0
1.5145477056503296
1.0709344148635864
1.0886808633804321
0
0
0
1.537542700767517
1.0809186697006226
1.0951539278030396
0
0
0
1.4998855590820313
1.2297838926315308
0
1.3342913389205933
0.9953044652938843
0.9942267537117004
0
0
0
0
0
0
0
0
1.5410218238830566
1.1081643104553223
1.1043879985809326
0
0
0
1.4848926067352295
1.0834338665008545
1.125364065170288
0
0
0
1.5291651487350464
1.1025636196136475
1.0923428535461426
1.5297574996948242
1.0881365537643433
1.0704574584960938
1.5059715509414673
1.0399717092514038
1.0406172275543213
0
0
1.0398821830749512
0
0
1.5546568632125854
1.101839542388916
1.0833262205123901
0
0
0
1.5280009508132935
1.255388617515564
0
0
0
0
1.35396409034729
0.9964946508407593
0.9956226944923401
0
0
0
0
0
0
0
0
0
0
0
1.5569571256637573
1.096541166305542
1.5206055641174316
1.0693891048431396
1.0456594228744507
1.0862493515014648
1.5338987112045288
1.0661851167678833
1.0961451530456543
0
0
0
1.1002837419509888
0
0
0
0
0
0
0
0
0
0
0
0
0
1.5178329944610596
1.0945093631744385
1.1108956336975098
0
0
0
1.0661884546279907
0
0
0
0
0
0
0
0
0
0
0
0
0
0
0
0
0
0
0
1.5100857019424438
1.0799620151519775
1.079109787940979
0
0
0
1.778386116027832
1.334325909614563
0
0
0
0
0
0
0
0
0
0
0
0
0
0
0
0
0
0
1.502406120300293
1.1081947088241577
1.1049565076828003
0
0
0
1.5004209280014038
1.0642541646957397
1.1193009614944458
0
0
0
1.5550287961959839
1.0874569416046143
1.0850547552108765
1.5098953247070313
1.114971399307251
1.0700770616531372
1.5031607151031494
1.0403717756271362
1.0402227640151978
0
0
1.0395342111587524
0
0
1.514716386795044
1.080481767654419
1.0940954685211182
0
0
0
1.5606253147125244
1.2688525915145874
0
0
0
0
1.3837645053863525
0.9964235424995422
0.9947540163993835
0
0
0
0
0
0
0
0
0
0
0
1.1047303676605225
0
0
0
0
0
0
0
0
0
0
0
0
0
0
0
0
0
0
0
0
0
0
0
0
0
1.5087473392486572
1.0891591310501099
1.1118049621582031
0
0
0
1.5097886323928833
1.0969644784927368
1.0657109022140503
0
0
0
1.521397590637207
1.2270426750183105
0
1.3348746299743652
0.9959287643432617
0.9942643046379089
0
0
0
0
0
0
0
0
1.5450401306152344
1.150680422782898
1.4164025783538818
0.9635188579559326
0
0
1.4242582321166992
1.10989511013031
1.1101830005645752
0
0
0
1.116565227508545
0
0
0
0
0
0
0
0
0
0
0
0
0
1.5233100652694702
1.0757395029067993
1.0972810983657837
0
0
0
1.5198701620101929
1.2853842973709106
0
0
0
0
1.3039644956588745
0.9965065121650696
0.9951649904251099
0
0
0
0
0
0
0
0
0
0
0
1.5205888748168945
1.057295560836792
1.0981152057647705
0
0
0
1.8173919916152954
3.7718989849090576
0
0
0
0
0
0
0
0
0
0
0
0
0
0
0
0
0
0
1.5598413944244385
1.0737411975860596
1.0994399785995483
1.5018147230148315
1.3789969682693481
1.0783634185791016
1.3933333158493042
1.078690767288208
1.399985671043396
1.3764437437057495
0.9591222405433655
1.381169080734253
1.0685333013534546
1.4050647020339966
1.1311966180801392
0
0
0
0
0
0
0
0
0
0
0
1.516765832901001
1.0807301998138428
1.0927356481552124
0
0
0
1.527982473373413
1.0778414011001587
1.0644333362579346
0
0
0
1.48586106300354
1.2237403392791748
0
1.3324533700942993
0.9959959387779236
0.9943499565124512
0
0
0
0
0
0
0
0
1.540618658065796
0.9998518824577332
1.0961252450942993
0
0
0
1.4252101182937622
0.9654147028923035
0
0
0
0
0
0
0
0
0
0
0
0
0
0
0
0
0
0
1.5549801588058472
1.0735726356506348
1.1048141717910767
1.5045785903930664
1.3844928741455078
1.091852068901062
1.3954607248306274
1.0971357822418213
1.3774949312210083
1.3632001876831055
0.9596145749092102
1.3698471784591675
1.0543183088302612
1.4003475904464722
1.109139084815979
0
0
0
0
0
0
0
0
0
0
0
1.559411883354187
0.9997006058692932
1.0732718706130981
0
0
0
1.464056372642517
0.9657631516456604
0
0
0
0
0
0
0
0
0
0
0
0
0
0
0
0
0
0
1.5220791101455688
1.113970160484314
1.4184110164642334
0.9632229208946228
0
0
1.511873722076416
1.0678311586380005
1.1125236749649048
0
0
0
1.1188867092132568
0
0
0
0
0
0
0
0
0
0
0
0
0
1.5392423868179321
1.0636630058288574
1.0937870740890503
0
0
0
1.5404915809631348
1.0826084613800049
1.079634428024292
0
0
0
1.8141885995864868
0
0
1.7833386659622192
1.07366943359375
1.0945374965667725
1.0635989904403687
0
0
0
0
0
0
0
1.5100477933883667
0.9999926686286926
1.1244282722473145
0
0
0
1.3902373313903809
0.9652376770973206
0
0
0
0
0
0
0
0
0
0
0
0
0
0
0
0
0
0
1.5182371139526367
1.1012482643127441
1.5476921796798706
1.0865612030029297
1.0869061946868896
1.081319808959961
1.4855163097381592
1.1063055992126465
1.0779403448104858
0
0
0
1.5057923793792725
1.0909924507141113
1.069251298904419
1.1540858745574951
0
0
0
0
0
0
0
0
0
0
1.5130667686462402
1.1359819173812866
1.4070876836776733
0.9633176326751709
0
0
1.5031787157058716
1.0762732028961182
1.097596287727356
0
0
0
1.1246023178100586
0
0
0
0
0
0
0
0
0
0
0
0
0
1.5066074132919312
1.094749927520752
1.0692116022109985
0
0
0
1.5132828950881958
1.2188843488693237
1.248138189315796
0
0
0
0
0
0
0
0
0
0
0
0
0
0
0
0
0
1.5105130672454834
1.0580155849456787
1.0826979875564575
0
0
0
1.824110984802246
3.4806008338928223
0
0
0
0
0
0
0
0
0
0
0
0
0
0
0
0
0
0
1.5181809663772583
1.046970248222351
1.0955042839050293
0
0
0
1.5197620391845703
1.0284450054168701
1.057429552078247
0
0
0
1.4979901313781738
1.0372087955474854
1.0659083127975464
1.4721543788909912
1.0062870979309082
0
1.3347145318984985
1.345386266708374
0
0.9905266165733337
1.0022900104522705
1.3539308309555054
0.9900307655334473
0.9918380379676819
1.550322413444519
1.0507214069366455
1.1476013660430908
0
0
0
1.4900901317596436
1.097700834274292
1.0937883853912354
0
0
0
1.5303410291671753
1.1678990125656128
1.1766538619995117
0
0
0
0
0
0
0
0
0
0
0
1.5540411472320557
1.1350433826446533
1.406261682510376
0.9637030959129333
0
0
1.469438910484314
1.1202887296676636
1.0735241174697876
0
0
0
1.118801474571228
0
0
0
0
0
0
0
0
0
0
0
0
0
1.0887826681137085
0
0
0
0
0
0
0
0
0
0
0
0
0
0
0
0
0
0
0
0
0
0
0
0
0
1.5423710346221924
0.9995641112327576
1.0776360034942627
0
0
0
1.3972723484039307
0.9652231335639954
0
0
0
0
0
0
0
0
0
0
0
0
0
0
0
0
0
0
1.4890334606170654
0.9997225403785706
1.0862785577774048
0
0
0
1.4225738048553467
0.9654114246368408
0
0
0
0
0
0
0
0
0
0
0
0
0
0
0
0
0
0
1.5367896556854248
1.096399188041687
1.089544415473938
0
0
0
1.5498617887496948
1.078088641166687
1.0896365642547607
0
0
0
1.5266497135162354
1.0584050416946411
1.1218791007995605
1.5367364883422852
1.0613306760787964
1.1236591339111328
1.5106290578842163
1.0403577089309692
1.0400470495224
0
0
1.0397480726242065
0
0
1.559613823890686
1.0906093120574951
1.0749977827072144
1.511059045791626
1.4080771207809448
1.073768973350525
1.373970627784729
1.0915284156799316
1.3983283042907715
1.3638551235198975
0.9595040082931519
1.3822801113128662
1.0863020420074463
1.3777797222137451
1.0812253952026367
0
0
0
0
0
0
0
0
0
0
0
1.5244101285934448
0.9898531436920166
1.0634381771087646
1.5298163890838623
0.9386708736419678
1.0622986555099487
1.5055707693099976
1.0632973909378052
1.0833746194839478
0
0
0
0
0
0
0
0
0
0
0
0
0
0
0
0
0
1.5206726789474487
1.0691730976104736
1.0904338359832764
0
0
0
1.5264986753463745
1.2303385734558105
0
0
0
0
1.323651671409607
0.9963953495025635
0.994784951210022
0
0
0
0
0
0
0
0
0
0
0
1.529720425605774
1.092030644416809
1.044603705406189
0
0
0
1.821013331413269
2.969381809234619
0
0
0
0
0
0
0
0
0
0
0
0
0
0
0
0
0
0
1.5436718463897705
1.0728771686553955
1.101833701133728
0
0
0
1.0644867420196533
0
0
0
0
0
0
0
0
0
0
0
0
0
0
0
0
0
0
0
1.554074764251709
1.057958960533142
1.1052861213684082
1.5398110151290894
1.403624176979065
1.0812788009643555
1.3820372819900513
1.098397135734558
1.378991961479187
1.3505351543426514
0.9589201211929321
1.357108235359192
1.104972004890442
1.423962116241455
1.0723882913589478
0
0
0
0
0
0
0
0
0
0
0
1.512618064880371
1.1161314249038696
1.0842819213867188
0
0
0
1.512723684310913
1.0491399765014648
1.151214361190796
0
0
0
1.5014829635620117
1.1089483499526978
1.089514136314392
1.5075496435165405
1.0757144689559937
1.0524228811264038
1.5441290140151978
1.0409170389175415
1.0405410528182983
0
0
1.0401842594146729
0
0
1.5500725507736206
1.1229389905929565
1.3681827783584595
0.9633724093437195
0
0
1.4983254671096802
1.0966469049453735
1.1231999397277832
0
0
0
1.0864381790161133
0
0
0
0
0
0
0
0
0
0
0
0
0
1.5607349872589111
1.0912892818450928
1.403185248374939
0.9635140299797058
0
0
1.5169456005096436
1.1047718524932861
1.0750477313995361
0
0
0
1.102400302886963
0
0
0
0
0
0
0
0
0
0
0
0
0
1.5275205373764038
1.1026912927627563
1.0923347473144531
0
0
0
1.5334947109222412
1.103667974472046
1.0923476219177246
0
0
0
1.4938563108444214
1.2871947288513184
0
1.346669316291809
0.9959570169448853
0.9937143325805664
0
0
0
0
0
0
0
0
1.4990801811218262
1.0788533687591553
1.0771374702453613
0
0
0
1.1073589324951172
0
0
0
0
0
0
0
0
0
0
0
0
0
0
0
0
0
0
0
1.5184733867645264
1.085542917251587
1.0895109176635742
0
0
0
1.5167428255081177
1.2496970891952515
0
0
0
0
1.340272068977356
0.9965601563453674
0.994464635848999
0
0
0
0
0
0
0
0
0
0
0
1.4903008937835693
1.102597951889038
1.1261389255523682
0
0
0
1.5092226266860962
1.0623462200164795
1.1290044784545898
0
0
0
1.5033760070800781
1.0817979574203491
1.0713225603103638
1.5379490852355957
1.0940035581588745
1.0517953634262085
1.5186866521835327
1.0398235321044922
1.040303349494934
0
0
1.0398588180541992
0
0
1.5315823554992676
1.0894924402236938
1.0507816076278687
1.5276169776916504
1.3747984170913696
0.999824047088623
1.3394033908843994
2.807978630065918
1.3218151330947876
1.4126040935516357
1.0632953643798828
0
0
0
0
0
0
0
0
0
0
0
0
0
0
0
1.5095221996307373
1.1016310453414917
1.4873915910720825
1.0781253576278687
1.1053858995437622
1.1168290376663208
1.5429614782333374
1.106805682182312
1.0806294679641724
0
0
0
1.525102972984314
1.0735039710998535
1.0911495685577393
1.1081271171569824
0
0
0
0
0
0
0
0
0
0
1.5133589506149292
1.0716246366500854
1.5222985744476318
1.0882271528244019
1.08329176902771
1.1204864978790283
1.5399597883224487
1.0992356538772583
1.094794750213623
0
0
0
1.5025197267532349
1.1178172826766968
1.0825251340866089
1.127987265586853
0
0
0
0
0
0
0
0
0
0
1.5756837129592896
1.0873562097549438
1.5562175512313843
1.0595952272415161
1.0798003673553467
1.0631115436553955
1.5512495040893555
1.0779037475585938
1.0607751607894897
0
0
0
1.1204864978790283
0
0
0
0
0
0
0
0
0
0
0
0
0
1.530503273010254
1.0670462846755981
1.0808135271072388
0
0
0
1.0906840562820435
0
0
0
0
0
0
0
0
0
0
0
0
0
0
0
0
0
0
0
1.5381757020950317
1.0968483686447144
1.0424226522445679
0
0
0
1.8363938331604004
3.3540706634521484
0
0
0
0
0
0
0
0
0
0
0
0
0
0
0
0
0
0
1.5311460494995117
1.080504059791565
1.084212303161621
0
0
0
1.5326218605041504
1.0270353555679321
1.1008951663970947
0
0
0
1.5402071475982666
1.2363359928131104
1.2461572885513306
0
0
0
0
0
0
0
0
0
0
0
1.116624355316162
0
0
0
0
0
0
0
0
0
0
0
0
0
0
0
0
0
0
0
0
0
0
0
0
0
1.5064373016357422
1.101867914199829
1.0996463298797607
0
0
0
1.517288088798523
1.2454512119293213
0
0
0
0
1.3361626863479614
0.9961737990379333
0.9953964948654175
0
0
0
0
0
0
0
0
0
0
0
1.5357915163040161
1.0006892681121826
1.0560294389724731
1.5197038650512695
0.9140676259994507
1.0586918592453003
1.530466079711914
1.0588561296463013
1.0907832384109497
0
0
0
0
0
0
0
0
0
0
0
0
0
0
0
0
0
1.5238537788391113
1.1306571960449219
1.0574536323547363
1.5116620063781738
1.4105124473571777
1.0825387239456177
1.3970757722854614
1.0617707967758179
1.3991775512695313
1.311938762664795
0.9592439532279968
1.3837546110153198
1.084057092666626
1.4090684652328491
1.0703943967819214
0
0
0
0
0
0
0
0
0
0
0
