-34.3271598815918
-46.82537078857422
72.74132537841797
0
0
0
-167.70045471191406
-67.30615234375
53.65142059326172
0
0
0
-178.796875
33.44667434692383
-144.84999084472656
0
0
0
0
0
0
0
0
0
0
0
-35.27779006958008
-172.70225524902344
66.10539245605469
-179.25904846191406
0
0
-55.73598861694336
-32.230079650878906
88.07549285888672
0
0
0
-164.1163330078125
0
0
0
0
0
0
0
0
0
0
0
0
0
-33.97980880737305
-18.386390686035156
99.6881332397461
0
0
0
-136.47093200683594
0
0
0
0
0
0
0
0
0
0
0
0
0
0
0
0
0
0
0
-35.18436813354492
47.85813903808594
159.23016357421875
0
0
0
-88.99810791015625
0
0
0
0
0
0
0
0
0
0
0
0
0
0
0
0
0
0
0
-41.29384994506836
32.512718200683594
166.23753356933594
0
0
0
-83.73353576660156
0
0
0
0
0
0
0
0
0
0
0
0
0
0
0
0
0
0
0
-35.183502197265625
-65.85808563232422
56.886844635009766
0
0
0
179.7883758544922
-85.36547088623047
22.813289642333984
0
0
0
160.79412841796875
-106.36824798583984
14.129331588745117
135.07418823242188
-113.24262237548828
15.38968276977539
129.34652709960938
179.92300415039063
-59.82841110229492
0
0
59.795162200927734
0
0
-33.95224380493164
-60.80267333984375
43.9240837097168
-179.76268005371094
93.4687271118164
-1.1224638223648071
-176.54061889648438
179.6685333251953
-2.70302677154541
-175.9759979248047
1.8578518629074097
-177.00967407226563
-3.5858826637268066
176.85867309570313
0
0
0
0
0
0
0
0
0
0
0
0
-35.921016693115234
63.55250930786133
171.78689575195313
0
0
0
-64.36351013183594
-71.60594940185547
51.02291488647461
0
0
0
169.29217529296875
-142.8131103515625
40.566688537597656
0
0
0
0
0
0
0
0
0
0
0
-36.414695739746094
-53.015281677246094
53.94789505004883
0
0
0
179.8065643310547
-73.05943298339844
50.04171371459961
0
0
0
169.38331604003906
-177.199951171875
-68.27851867675781
53.93487548828125
-93.74441528320313
0
86.2737808227539
177.79200744628906
0
-178.30014038085938
-7.101578235626221
-5.280255317687988
-174.11859130859375
-7.991359233856201
-33.969268798828125
52.417362213134766
171.2799072265625
0
0
0
-59.15180587768555
-45.71160125732422
78.23582458496094
0
0
0
-172.14466857910156
-50.68970489501953
0
125.1927719116211
-179.7359161376953
1.3589740991592407
0
0
0
0
0
0
0
0
-30.358835220336914
63.97092819213867
-176.5801544189453
-50.54538345336914
-72.80039978027344
5.675882816314697
-179.67202758789063
179.559326171875
-1.592913269996643
1.90581476688385
179.9517364501953
0
0
0
0
0
0
0
0
0
0
0
0
0
0
0
-34.56544494628906
39.91395950317383
157.79690551757813
0
0
0
-75.90582275390625
59.67814254760742
-168.8393096923828
0
0
0
-49.80699157714844
0
0
-60.1839485168457
-48.563167572021484
73.70189666748047
-166.24002075195313
0
0
0
0
0
0
0
-32.60770034790039
-42.90074920654297
70.81996154785156
0
0
0
-175.24154663085938
15.314360618591309
-159.753173828125
0
0
0
0
0
0
0
0
0
0
0
0
0
0
0
0
0
-36.625152587890625
164.68472290039063
43.891014099121094
0
0
0
-75.75537109375
165.9333953857422
0
0
0
0
0
0
0
0
0
0
0
0
0
0
0
0
0
0
-24.809734344482422
-15.67353630065918
-136.92996215820313
0
0
0
105.94754791259766
165.9304656982422
0
0
0
0
0
0
0
0
0
0
0
0
0
0
0
0
0
0
-32.33768844604492
0.9158454537391663
-110.41437530517578
-179.2646026611328
0
0
114.20637512207031
31.6480712890625
150.17303466796875
0
0
0
-88.56803131103516
0
0
0
0
0
0
0
0
0
0
0
0
0
-33.77434539794922
169.9768829345703
53.90959930419922
0
0
0
-65.67251586914063
165.95399475097656
0
0
0
0
0
0
0
0
0
0
0
0
0
0
0
0
0
0
-39.737850189208984
39.33857345581055
158.5611572265625
0
0
0
-72.62379455566406
0
0
0
0
0
0
0
0
0
0
0
0
0
0
0
0
0
0
0
-42.77300262451172
18.258331298828125
134.513916015625
0
0
0
-109.4194564819336
0
0
0
0
0
0
0
0
0
0
0
0
0
0
0
0
0
0
0
-33.82722473144531
-74.95027923583984
167.92752075195313
0
0
0
45.7947998046875
165.97198486328125
0
0
0
0
0
0
0
0
0
0
0
0
0
0
0
0
0
0
-34.10456466674805
-33.666175842285156
-155.51918029785156
0
0
0
87.96370697021484
165.9279327392578
0
0
0
0
0
0
0
0
0
0
0
0
0
0
0
0
0
0
-32.33928298950195
-64.17816925048828
175.6528778076172
0
0
0
60.49266815185547
165.92965698242188
0
0
0
0
0
0
0
0
0
0
0
0
0
0
0
0
0
0
-31.15203857421875
34.64676284790039
156.9772186279297
0
0
0
-85.79400634765625
-51.72328567504883
0
0
0
0
123.58635711669922
-14.762687683105469
-11.067319869995117
0
0
0
0
0
0
0
0
0
0
0
-31.423603057861328
-62.561431884765625
53.403804779052734
178.2806854248047
87.1325454711914
2.0013442039489746
-178.36585998535156
-178.95387268066406
1.3190444707870483
-179.52853393554688
175.42787170410156
0.2309941053390503
-177.94813537597656
-2.7441446781158447
178.61732482910156
0
0
0
0
0
0
0
0
0
0
0
-30.709524154663086
47.039974212646484
161.41754150390625
0
0
0
-68.64179992675781
49.492610931396484
0
0
0
0
0
0
0
0
0
0
0
0
0
0
0
0
0
0
-32.78995132446289
50.52489471435547
171.384521484375
0
0
0
-68.99974822998047
-22.791160583496094
0
0
0
0
155.15216064453125
-57.52077865600586
-53.977970123291016
0
0
0
0
0
0
0
0
0
0
0
-32.1020393371582
24.603626251220703
141.58477783203125
0
0
0
-93.46318817138672
-129.14501953125
-15.652587890625
0
0
0
114.56542205810547
50.9557991027832
0
-128.3612518310547
-179.72422790527344
1.3561021089553833
0
0
0
0
0
0
0
0
-29.524372100830078
48.85202407836914
168.16384887695313
0
0
0
-65.9322738647461
40.37126159667969
168.5101318359375
0
0
0
-72.04635620117188
0
0
-59.075992584228516
-44.47095489501953
73.85787963867188
-171.07763671875
0
0
0
0
0
0
0
-33.450618743896484
49.10719680786133
168.06346130371094
0
0
0
-71.74330139160156
50.87576675415039
177.88954162597656
0
0
0
-59.504356384277344
0
0
-67.97026062011719
-38.401004791259766
78.53414916992188
-165.36575317382813
0
0
0
0
0
0
0
-33.923858642578125
-73.91252899169922
49.29334259033203
0
0
0
166.51060485839844
-99.08366394042969
17.30742073059082
0
0
0
134.8138427734375
14.834853172302246
130.7949981689453
-106.2166976928711
-88.46292114257813
27.092084884643555
143.50234985351563
179.91558837890625
-59.79510498046875
0
0
59.78485870361328
0
0
-26.673513412475586
-40.024513244628906
-154.8626708984375
0
0
0
77.2425308227539
165.9907989501953
0
0
0
0
0
0
0
0
0
0
0
0
0
0
0
0
0
0
-35.479209899902344
58.249420166015625
173.00364685058594
0
0
0
-59.891197204589844
55.31946563720703
175.15663146972656
0
0
0
-61.68379211425781
-49.995445251464844
66.14730072021484
-171.66793823242188
-107.4923095703125
0
72.5302963256836
6.332546234130859
0
-178.29730224609375
-7.056466579437256
-174.650146484375
-174.12197875976563
-7.998719692230225
-34.642311096191406
-10.670528411865234
110.24409484863281
0
0
0
-123.31062316894531
66.08833312988281
0
0
0
0
-114.98260498046875
2.718716859817505
9.146729469299316
0
0
0
0
0
0
0
0
0
0
0
-31.78636932373047
58.18692398071289
178.3455352783203
0
0
0
-57.02145004272461
61.2225341796875
176.47996520996094
-58.8815803527832
67.11502838134766
-179.09109497070313
-60.5964241027832
-4.035268306732178
129.34617614746094
-114.03329467773438
0
0
0
0
0
0
0
0
0
0
-34.52086639404297
-171.96237182617188
65.90809631347656
-179.25613403320313
0
0
-58.03118133544922
-43.80474090576172
69.4944839477539
0
0
0
-155.5508575439453
0
0
0
0
0
0
0
0
0
0
0
0
0
-30.856046676635742
4.843114376068115
125.3595962524414
0
0
0
-113.98957824707031
-166.71763610839844
-46.997711181640625
0
0
0
75.69567108154297
-19.758420944213867
101.80609893798828
-146.1675262451172
-30.75749397277832
85.7039794921875
-149.60855102539063
179.91732788085938
-59.786930084228516
0
0
59.766014099121094
0
0
-29.110315322875977
65.54756927490234
-177.1787109375
0
0
0
-57.117000579833984
117.0186996459961
-58.14581298828125
0
0
0
0
0
0
0
0
0
0
0
0
0
0
0
0
0
-37.57162857055664
-168.68472290039063
-54.63331985473633
0
0
0
67.21566772460938
-43.67701721191406
67.24549865722656
0
0
0
-169.79861450195313
-43.611698150634766
78.37272644042969
-169.59022521972656
-75.9688949584961
0
104.04975128173828
-0.1720302402973175
0
-178.29074096679688
-7.076874256134033
179.81520080566406
-174.15176391601563
-7.965139865875244
-35.8686637878418
66.85111236572266
-179.47177124023438
0
0
0
-55.01021194458008
48.0927848815918
0
0
0
0
0
0
0
0
0
0
0
0
0
0
0
0
0
0
-36.90684127807617
-43.188289642333984
65.29267120361328
0
0
0
-170.0931854248047
-41.43693542480469
78.00130462646484
0
0
0
-161.6104278564453
-59.55730056762695
62.781558990478516
177.30221557617188
-43.910682678222656
76.12632751464844
-161.92288208007813
179.90863037109375
-59.828582763671875
0
0
59.81843185424805
0
0
-26.700366973876953
144.118896484375
-100.4636459350586
21.95827865600586
99.12769317626953
-136.75558471679688
-19.816009521484375
136.18551635742188
-107.3992691040039
0
0
0
0
0
0
0
0
0
0
0
0
0
0
0
0
0
-32.7105827331543
41.78841018676758
166.2990264892578
-54.183650970458984
69.87232971191406
-166.03341674804688
-72.97367858886719
-33.518890380859375
85.74992370605469
0
0
0
-155.23866271972656
0
0
0
0
0
0
0
0
0
0
0
0
0
-33.10551452636719
-48.70968246459961
67.50019073486328
0
0
0
-169.03765869140625
55.366790771484375
0
0
0
0
-126.04655456542969
12.388838768005371
3.9868006706237793
0
0
0
0
0
0
0
0
0
0
0
-35.46195602416992
69.37462615966797
-48.53706741333008
-179.25729370117188
0
0
-170.39012145996094
59.49443817138672
-174.68702697753906
0
0
0
-62.59247589111328
0
0
0
0
0
0
0
0
0
0
0
0
0
-36.98122024536133
53.57868957519531
170.68917846679688
-69.6149673461914
-83.59902954101563
-1.540908694267273
-177.07489013671875
-178.32302856445313
-4.7249274253845215
-176.80409240722656
3.1098830699920654
177.5897216796875
0.7781819701194763
179.91407775878906
0
0
0
0
0
0
0
0
0
0
0
0
-31.32621955871582
70.97295379638672
-173.68048095703125
44.9426383972168
166.4393310546875
-75.18265533447266
-47.2222785949707
-10.782780647277832
103.37468719482422
0
0
0
-129.58316040039063
0
0
0
0
0
0
0
0
0
0
0
0
0
-34.71969223022461
75.1654281616211
-175.98324584960938
-57.08732604980469
-83.31051635742188
5.92110013961792
-179.44387817382813
-179.02268981933594
3.3466055393218994
-1.658229112625122
-179.19773864746094
0
0
0
0
0
0
0
0
0
0
0
0
0
0
0
-35.54866027832031
58.98820495605469
168.1120147705078
0
0
0
-54.81401062011719
34.4016227722168
156.06492614746094
0
0
0
-71.90827941894531
165.7210693359375
-9.178321838378906
0
0
0
0
0
0
0
0
0
0
0
-31.32986068725586
-49.1982421875
-166.9071502685547
0
0
0
70.95474243164063
165.98599243164063
0
0
0
0
0
0
0
0
0
0
0
0
0
0
0
0
0
0
-31.273681640625
-74.02620697021484
43.83305358886719
0
0
0
165.82449340820313
-45.83049774169922
70.1476821899414
7.282448768615723
136.32164001464844
-99.91580963134766
-166.3387908935547
-59.923187255859375
69.70489501953125
-168.9364471435547
0
0
0
0
0
0
0
0
0
0
-31.307743072509766
-2.7148334980010986
116.91679382324219
0
0
0
-116.2972640991211
0
0
0
0
0
0
0
0
0
0
0
0
0
0
0
0
0
0
0
-36.61494445800781
40.946815490722656
148.2747344970703
0
0
0
-71.51016998291016
-13.867258071899414
161.1526641845703
0
0
0
0
0
0
0
0
0
0
0
0
0
0
0
0
0
-29.777324676513672
54.169071197509766
171.79736328125
35.88994598388672
153.71902465820313
-86.3694839477539
-68.25743103027344
-56.60261154174805
62.28135681152344
0
0
0
-168.54495239257813
0
0
0
0
0
0
0
0
0
0
0
0
0
-32.4651985168457
49.76985549926758
158.9884796142578
0
0
0
-70.6414566040039
-68.26040649414063
53.12764358520508
0
0
0
172.0569610595703
-30.029762268066406
0
150.1050262451172
-179.6808319091797
1.3710432052612305
0
0
0
0
0
0
0
0
-35.300880432128906
-53.46847152709961
68.52861785888672
0
0
0
-169.02667236328125
0
0
0
0
0
0
0
0
0
0
0
0
0
0
0
0
0
0
0
-30.083093643188477
61.642337799072266
176.64126586914063
-45.551025390625
70.9966049194336
-166.957763671875
-60.60267639160156
25.5229549407959
135.09548950195313
0
0
0
-98.67366027832031
0
0
0
0
0
0
0
0
0
0
0
0
0
-30.34391975402832
52.566490173339844
174.60147094726563
0
0
0
-64.55194854736328
176.95021057128906
0
0
0
0
0
0
0
0
0
0
0
0
0
0
0
0
0
0
-29.883108139038086
-45.85628128051758
-164.96258544921875
0
0
0
72.20233154296875
165.97283935546875
0
0
0
0
0
0
0
0
0
0
0
0
0
0
0
0
0
0
-30.079933166503906
61.37234115600586
-172.80316162109375
0
0
0
-58.333282470703125
-58.956783294677734
58.01665496826172
0
0
0
-178.0652313232422
4.132835388183594
0
-176.14334106445313
-179.72052001953125
1.3501561880111694
0
0
0
0
0
0
0
0
-32.89828872680664
-49.334129333496094
64.5156021118164
0
0
0
-172.46510314941406
-110.37549591064453
8.141276359558105
0
0
0
124.57147216796875
166.4252471923828
-82.83184814453125
42.88376235961914
-114.26862335205078
8.044363021850586
130.55242919921875
179.90870666503906
-59.809593200683594
0
0
59.80084228515625
0
0
-32.32834243774414
-54.67319107055664
55.405914306640625
0
0
0
-176.342041015625
-130.64739990234375
0
0
0
0
48.48114776611328
2.5714826583862305
-2.8886454105377197
0
0
0
0
0
0
0
0
0
0
0
-31.021564483642578
-178.97702026367188
-62.52583312988281
54.23382568359375
177.98574829101563
-62.661354064941406
66.6634750366211
34.84280776977539
145.478271484375
0
0
0
-95.0572738647461
0
0
0
0
0
0
0
0
0
0
0
0
0
-39.99156951904297
-51.802433013916016
56.58149719238281
0
0
0
178.96458435058594
0
0
0
0
0
0
0
0
0
0
0
0
0
0
0
0
0
0
0
-42.03663635253906
61.97621536254883
178.77169799804688
0
0
0
-59.303955078125
176.9547119140625
0
0
0
0
0
0
0
0
0
0
0
0
0
0
0
0
0
0
-29.986276626586914
-69.16671752929688
49.2545280456543
0
0
0
169.95809936523438
-18.134431838989258
100.73361206054688
0
0
0
-144.35140991210938
106.13055419921875
-137.2309112548828
-18.87165641784668
-162.0274200439453
-41.65064239501953
88.55059051513672
179.9055633544922
-59.79058837890625
0
0
59.77299499511719
0
0
-31.4354248046875
-157.45277404785156
-33.47088623046875
0
0
0
79.86477661132813
-17.229768753051758
0
0
0
0
163.84202575683594
149.24270629882813
141.7627410888672
0
0
0
0
0
0
0
0
0
0
0
-30.996112823486328
0
0
0
0
0
0
0
0
0
0
0
0
0
0
0
0
0
0
0
0
0
0
0
0
0
-39.69026565551758
57.61697006225586
171.41476440429688
0
0
0
-69.12178802490234
-67.52952575683594
53.49570083618164
0
0
0
-178.05921936035156
-157.68218994140625
0
18.376970291137695
-179.69810485839844
1.4019489288330078
0
0
0
0
0
0
0
0
-30.858205795288086
-4.708679676055908
-111.06653594970703
-179.2891387939453
0
0
122.10391998291016
-48.845970153808594
71.78913116455078
0
0
0
-172.15499877929688
0
0
0
0
0
0
0
0
0
0
0
0
0
-30.106916427612305
-168.17092895507813
-54.52650833129883
0
0
0
62.987640380859375
-35.806190490722656
0
0
0
0
141.45449829101563
55.48506164550781
35.33632278442383
0
0
0
0
0
0
0
0
0
0
0
-33.60304641723633
47.1819953918457
164.20396423339844
0
0
0
-81.31207275390625
55.6231575012207
0
0
0
0
0
0
0
0
0
0
0
0
0
0
0
0
0
0
-38.922607421875
58.93559265136719
171.86917114257813
-72.37665557861328
-89.96222686767578
-0.09226247668266296
177.06314086914063
179.41207885742188
0.061559468507766724
174.7062530517578
175.44102478027344
2.2619478702545166
178.56466674804688
-3.943110942840576
-178.8011474609375
0
0
0
0
0
0
0
0
0
0
0
-34.73494338989258
-56.07297897338867
62.70539474487305
0
0
0
-178.3748321533203
-42.086490631103516
77.54972076416016
0
0
0
-157.9121551513672
-61.62186813354492
0
108.02010345458984
-179.7339324951172
1.3516442775726318
0
0
0
0
0
0
0
0
-35.94575500488281
-67.94751739501953
169.75711059570313
0
0
0
54.1211051940918
165.94715881347656
0
0
0
0
0
0
0
0
0
0
0
0
0
0
0
0
0
0
-35.16371536254883
60.54082489013672
170.68484497070313
-74.71422576904297
-39.468326568603516
3.6050260066986084
178.71246337890625
-178.5169219970703
2.524991512298584
177.6255645751953
175.42271423339844
-0.10118689388036728
178.7765350341797
0.09265276044607162
-177.9776611328125
0
0
0
0
0
0
0
0
0
0
0
-32.368953704833984
115.6387939453125
-5.35195255279541
0
0
0
-122.84440612792969
165.96481323242188
0
0
0
0
0
0
0
0
0
0
0
0
0
0
0
0
0
0
-32.65180587768555
-177.70889282226563
64.30716705322266
-179.2490692138672
0
0
-50.223270416259766
46.883548736572266
174.66079711914063
0
0
0
-72.81315612792969
0
0
0
0
0
0
0
0
0
0
0
0
0
-34.722537994384766
58.559715270996094
178.90811157226563
0
0
0
-65.66712951660156
-57.90666198730469
69.57099151611328
0
0
0
-171.40313720703125
0
0
176.28822326660156
-6.2843523025512695
110.71651458740234
-134.65756225585938
0
0
0
0
0
0
0
-38.04822540283203
45.83223342895508
-75.371826171875
0
0
0
171.84872436523438
165.93357849121094
0
0
0
0
0
0
0
0
0
0
0
0
0
0
0
0
0
0
-35.593509674072266
-175.95480346679688
-58.59598159790039
-49.7358512878418
66.49667358398438
-173.8278350830078
67.06396484375
-90.76319122314453
29.143192291259766
0
0
0
151.2136688232422
51.28147888183594
-175.33302307128906
-57.723819732666016
0
0
0
0
0
0
0
0
0
0
-37.00562286376953
69.18777465820313
-51.15098571777344
-179.2499542236328
0
0
-173.18502807617188
-59.181671142578125
63.75820541381836
0
0
0
178.0835723876953
0
0
0
0
0
0
0
0
0
0
0
0
0
-39.1279296875
-12.566790580749512
106.1607437133789
0
0
0
-127.66970825195313
87.69992065429688
-91.7769546508789
0
0
0
0
0
0
0
0
0
0
0
0
0
0
0
0
0
-37.558753967285156
55.651119232177734
178.2864990234375
0
0
0
-66.09669494628906
57.01059341430664
0
0
0
0
0
0
0
0
0
0
0
0
0
0
0
0
0
0
-36.203033447265625
-51.047061920166016
66.71683502197266
0
0
0
-176.06275939941406
-137.7907257080078
-12.29270076751709
0
0
0
104.43974304199219
-177.4169158935547
-60.131587982177734
55.36152648925781
8.888099670410156
0
-171.1171417236328
-0.7752199769020081
0
-178.28466796875
-7.084460258483887
-177.03512573242188
-174.14376831054688
-7.96586799621582
-31.568920135498047
-6.5665154457092285
105.0572280883789
0
0
0
-141.33763122558594
-34.75537872314453
80.08319854736328
0
0
0
-156.0912628173828
159.7394561767578
-13.06019401550293
0
0
0
0
0
0
0
0
0
0
0
-35.00590515136719
-4.826303958892822
-112.8621826171875
-179.2506561279297
0
0
117.6669921875
-36.85293197631836
84.96239471435547
0
0
0
-147.87649536132813
0
0
0
0
0
0
0
0
0
0
0
0
0
-35.36030578613281
0
0
0
0
0
0
0
0
0
0
0
0
0
0
0
0
0
0
0
0
0
0
0
0
0
-34.744197845458984
166.3243408203125
50.31479263305664
0
0
0
-78.07414245605469
165.99180603027344
0
0
0
0
0
0
0
0
0
0
0
0
0
0
0
0
0
0
-34.0102424621582
69.31851196289063
-46.45320510864258
0
0
0
-168.67857360839844
165.9584197998047
0
0
0
0
0
0
0
0
0
0
0
0
0
0
0
0
0
0
-36.229583740234375
-71.07211303710938
48.61052703857422
0
0
0
169.57827758789063
-174.85365295410156
-56.44295120239258
0
0
0
63.87958908081055
-91.03983306884766
26.03839111328125
137.7857666015625
164.35618591308594
-76.11201477050781
35.591243743896484
179.92665100097656
-59.785030364990234
0
0
59.82426834106445
0
0
-30.21819496154785
-55.81581115722656
61.80555725097656
-177.77713012695313
93.94209289550781
1.8741645812988281
-177.72862243652344
-179.0867156982422
-0.7117666602134705
-178.11973571777344
175.4487762451172
1.3165829181671143
-179.84341430664063
-1.80412757396698
178.80111694335938
0
0
0
0
0
0
0
0
0
0
0
-27.841623306274414
164.11959838867188
-79.99236297607422
40.81079864501953
79.30776977539063
-164.63902282714844
-41.100791931152344
138.6190643310547
-91.36705780029297
0
0
0
0
0
0
0
0
0
0
0
0
0
0
0
0
0
-32.71805191040039
68.63253021240234
-171.4094696044922
0
0
0
-55.571083068847656
-53.15735626220703
0
0
0
0
121.77197265625
9.834811210632324
19.0271053314209
0
0
0
0
0
0
0
0
0
0
0
-37.010013580322266
52.81684494018555
169.2725372314453
0
0
0
-61.09080123901367
50.622528076171875
0
0
0
0
0
0
0
0
0
0
0
0
0
0
0
0
0
0
-36.523921966552734
44.77665328979492
156.9608154296875
0
0
0
-83.44081115722656
0
0
0
0
0
0
0
0
0
0
0
0
0
0
0
0
0
0
0
-34.42715835571289
67.3498306274414
-172.03724670410156
-60.90155792236328
-91.74169158935547
-1.5086885690689087
176.946533203125
178.34596252441406
1.7440228462219238
176.49517822265625
175.4774627685547
-2.9704387187957764
179.45445251464844
2.0718414783477783
178.88685607910156
0
0
0
0
0
0
0
0
0
0
0
-39.76079177856445
-83.33204650878906
35.78068161010742
0
0
0
158.82656860351563
-160.99298095703125
-41.146427154541016
0
0
0
66.05899810791016
-152.35992431640625
-38.698150634765625
86.30107116699219
-73.54236602783203
67.91278839111328
-178.654296875
179.9215545654297
-59.80615997314453
0
0
59.811519622802734
0
0
-36.815731048583984
56.221275329589844
-60.43983840942383
-179.2874298095703
0
0
-179.40838623046875
-47.94669723510742
71.99209594726563
0
0
0
-168.3007354736328
0
0
0
0
0
0
0
0
0
0
0
0
0
-33.342124938964844
66.99592590332031
-54.048545837402344
-179.2982940673828
0
0
-166.96920776367188
-54.90993118286133
62.13352584838867
0
0
0
-170.17640686035156
0
0
0
0
0
0
0
0
0
0
0
0
0
-34.49014663696289
-65.94178771972656
53.861480712890625
0
0
0
173.1017303466797
-179.80157470703125
-68.24005889892578
0
0
0
62.28501510620117
31.887117385864258
0
-147.92349243164063
-179.72193908691406
1.3771634101867676
0
0
0
0
0
0
0
0
-34.835205078125
-62.82188415527344
64.01622772216797
0
0
0
179.35354614257813
0
0
0
0
0
0
0
0
0
0
0
0
0
0
0
0
0
0
0
-36.32533645629883
46.68596267700195
167.05206298828125
0
0
0
-76.3357162475586
64.51715087890625
0
0
0
0
-117.2009048461914
116.7354965209961
127.42215728759766
0
0
0
0
0
0
0
0
0
0
0
-41.98088073730469
74.1943130493164
-170.031494140625
0
0
0
-51.35283279418945
36.612403869628906
152.26853942871094
0
0
0
-93.59825134277344
-14.510095596313477
114.30322265625
-131.4582061767578
-61.36239242553711
66.25188446044922
-170.35498046875
179.9242706298828
-59.784393310546875
0
0
59.761268615722656
0
0
-40.795711517333984
54.520931243896484
178.54354858398438
-63.14715576171875
-96.89269256591797
9.043490409851074
-176.29815673828125
-179.6510467529297
-1.7459123134613037
3.0071706771850586
-176.16397094726563
0
0
0
0
0
0
0
0
0
0
0
0
0
0
0
-31.8306884765625
177.96080017089844
-60.43790054321289
9.802353858947754
139.1268310546875
-109.83792114257813
67.94049072265625
-86.1435317993164
23.94825553894043
0
0
0
152.13291931152344
41.422489166259766
161.6291046142578
-82.6272964477539
0
0
0
0
0
0
0
0
0
0
-33.628448486328125
49.013187408447266
-179.939208984375
-28.775787353515625
102.45269012451172
-143.21218872070313
-63.34465408325195
-85.9339828491211
32.68019485473633
0
0
0
152.6383514404297
46.10224151611328
175.09207153320313
-68.64347076416016
0
0
0
0
0
0
0
0
0
0
-32.95265579223633
170.4478759765625
-68.93034362792969
52.82505416870117
173.66319274902344
-67.84429931640625
57.83757781982422
-50.632015228271484
69.35862731933594
0
0
0
-169.57510375976563
0
0
0
0
0
0
0
0
0
0
0
0
0
-38.627315521240234
43.73030471801758
165.85214233398438
0
0
0
-76.81827545166016
0
0
0
0
0
0
0
0
0
0
0
0
0
0
0
0
0
0
0
-33.60053634643555
65.9350357055664
-175.55767822265625
0
0
0
-46.498870849609375
43.79674530029297
0
0
0
0
0
0
0
0
0
0
0
0
0
0
0
0
0
0
-38.578670501708984
59.767276763916016
177.03460693359375
0
0
0
-60.726951599121094
-52.74767303466797
72.84990692138672
0
0
0
-177.77024841308594
-176.17965698242188
2.2809174060821533
0
0
0
0
0
0
0
0
0
0
0
-33.98654556274414
0
0
0
0
0
0
0
0
0
0
0
0
0
0
0
0
0
0
0
0
0
0
0
0
0
-31.294668197631836
-66.88764190673828
48.20671844482422
0
0
0
169.93649291992188
-98.17343139648438
0
0
0
0
79.73783111572266
-27.811113357543945
-26.667003631591797
0
0
0
0
0
0
0
0
0
0
0
-31.483745574951172
140.82423400878906
-103.91194915771484
17.936229705810547
91.29676818847656
-140.62835693359375
-22.740299224853516
140.5118865966797
-98.78347778320313
0
0
0
0
0
0
0
0
0
0
0
0
0
0
0
0
0
-34.541133880615234
-47.373374938964844
68.96186065673828
-161.2844696044922
52.44959259033203
0.6801473498344421
179.809326171875
-179.94137573242188
0.5566918849945068
179.4061279296875
175.4353485107422
0.7635276913642883
-179.3267059326172
-1.207690715789795
-178.10714721679688
0
0
0
0
0
0
0
0
0
0
0
