-38.030723571777344
137.0470428466797
-173.17178344726563
-52.942169189453125
-52.9117317199707
126.77569580078125
177.0519256591797
-72.0118179321289
-17.972000122070313
158.76438903808594
177.31492614746094
-61.164676666259766
140.36703491210938
-39.474613189697266
179.97415161132813
-65.38198852539063
140.03085327148438
-45.77986526489258
178.51351928710938
-68.7746353149414
145.81666564941406
-37.00214385986328
178.2432403564453
-60.89486312866211
137.72898864746094
-42.73395538330078
176.79759216308594
-54.969017028808594
133.0401611328125
-48.47089385986328
-179.8445281982422
-62.960697174072266
143.4222412109375
-41.529396057128906
-176.46612548828125
-68.28559875488281
144.33360290527344
-38.206275939941406
-174.33251953125
-84.91058349609375
149.89259338378906
-30.429208755493164
-172.25714111328125
-123.6158447265625
173.14202880859375
-2.5549440383911133
-175.81436157226563
-108.73109436035156
-49.45704650878906
131.0287628173828
172.24038696289063
-136.30751037597656
-103.7760238647461
75.32674407958984
-177.56272888183594
-72.90899658203125
177.55001831054688
-5.730369567871094
-174.30416870117188
-97.39331817626953
174.78794860839844
2.8912627696990967
177.4517822265625
-137.94642639160156
-37.55318069458008
145.28582763671875
178.98806762695313
-88.59019470214844
160.6019287109375
-21.562023162841797
178.0713348388672
-166.88311767578125
-8.958796501159668
172.80567932128906
176.683349609375
-80.99504852294922
-41.59565734863281
144.1048126220703
-177.1641082763672
-121.16987609863281
-175.01943969726563
5.570174694061279
177.027587890625
-154.9613037109375
-14.67110824584961
164.6599578857422
179.2174072265625
-74.50676727294922
173.08477783203125
-4.587099075317383
179.94711303710938
-88.70003509521484
178.05966186523438
-5.009499549865723
-172.8861541748047
-48.81227493286133
129.22093200683594
-56.351661682128906
-174.0379180908203
-59.14216995239258
130.36460876464844
-46.7457275390625
176.10784912109375
-57.97401428222656
133.82858276367188
-46.32392120361328
-179.23439025878906
-65.93416595458984
127.35895538330078
-52.99746322631836
-177.78506469726563
-62.095741271972656
137.69805908203125
-43.763919830322266
176.9542236328125
-59.09657287597656
142.40419006347656
-39.81026077270508
-179.51597595214844
-74.96417236328125
130.24868774414063
-51.93011474609375
-176.97857666015625
-61.28792953491211
148.49476623535156
-30.541749954223633
-178.71827697753906
-89.3304443359375
-168.98678588867188
10.408336639404297
-179.59657287597656
60.837486267089844
-145.70016479492188
30.337608337402344
-179.84788513183594
-83.67301177978516
-178.0546875
-4.200051307678223
-177.36517333984375
-118.47986602783203
-155.44935607910156
23.84817123413086
-173.3201446533203
-76.01057434082031
135.34933471679688
-46.581295013427734
-179.519287109375
-93.11421966552734
157.2613525390625
-26.115638732910156
-177.3228759765625
-171.88641357421875
-12.92889404296875
168.96385192871094
179.84947204589844
-83.68588256835938
-75.28325653076172
108.44713592529297
173.87184143066406
-64.84490966796875
-49.213600158691406
125.52493286132813
-174.13548278808594
-66.65015411376953
149.0262908935547
-33.904850006103516
-177.92503356933594
-147.91348266601563
-38.5369758605957
139.833984375
178.2408447265625
-155.47035217285156
-42.45473861694336
143.2059326171875
176.284423828125
-116.30310821533203
-42.52439880371094
139.537353515625
174.72457885742188
-111.4407958984375
-37.87629318237305
136.27700805664063
178.731689453125
-110.64523315429688
-55.728755950927734
129.4350128173828
-177.4798126220703
-105.23340606689453
-111.33326721191406
64.85762023925781
-177.87005615234375
-145.14405822753906
-15.360156059265137
170.2159881591797
178.28590393066406
-72.77916717529297
-27.368560791015625
150.3431396484375
-177.30850219726563
-62.4037971496582
138.29908752441406
-40.52011489868164
178.4034881591797
-52.3550910949707
137.10110473632813
-42.12800216674805
179.31886291503906
-67.54264068603516
147.5651092529297
-30.959489822387695
178.41580200195313
-79.97465515136719
133.254638671875
-43.680572509765625
174.62991333007813
-57.65700149536133
150.81964111328125
-32.047584533691406
-178.7565155029297
-65.87926483154297
161.6287078857422
-19.2740478515625
-179.02671813964844
-60.69584655761719
156.03668212890625
-23.627504348754883
-175.25686645507813
-66.90447998046875
174.38560485839844
-3.627476930618286
176.07728576660156
-120.40581512451172
-171.0200653076172
12.758513450622559
-177.99522399902344
-99.7305908203125
39.61061096191406
-143.1355743408203
-168.5861053466797
-78.83679962158203
-64.21623992919922
118.08475494384766
177.31668090820313
-70.34288024902344
-54.726707458496094
124.04206085205078
177.0701446533203
-135.78273010253906
-25.53450584411621
152.46641540527344
175.09866333007813
-67.1396713256836
-39.63554763793945
140.36257934570313
172.19070434570313
-71.90320587158203
-13.9093656539917
159.978271484375
-176.10287475585938
-54.33440017700195
148.83502197265625
-33.95396041870117
178.12315368652344
-83.25255584716797
-172.96937561035156
4.556607723236084
176.47007751464844
96.68621826171875
168.58758544921875
-7.230296611785889
175.7834014892578
-67.24884796142578
-32.66447448730469
145.6375274658203
-174.359130859375
-105.00688934326172
-175.09481811523438
10.112102508544922
172.3941192626953
-98.05548858642578
-153.16348266601563
24.60553550720215
-178.9114990234375
-96.00175476074219
-22.149900436401367
153.76161193847656
-175.7984619140625
-141.87774658203125
-40.17491912841797
141.0503387451172
178.31460571289063
-111.57823944091797
-45.43248748779297
129.64297485351563
-178.08067321777344
-61.494422912597656
-54.33799362182617
133.0194549560547
172.75030517578125
-62.356075286865234
138.3332061767578
-38.557796478271484
178.0452423095703
-105.72925567626953
-22.07683753967285
162.69581604003906
176.59527587890625
-79.21329498291016
-21.148670196533203
151.6425323486328
-178.953369140625
-134.26046752929688
-23.56875991821289
154.3974151611328
177.47752380371094
-77.82247161865234
-54.62301254272461
117.25521087646484
-176.3623046875
-133.74290466308594
-22.875749588012695
154.75067138671875
178.157470703125
-124.78501892089844
-58.38903045654297
122.08232116699219
176.3091583251953
-98.8128662109375
-49.43925857543945
132.3080291748047
-178.8504180908203
-120.78984832763672
-55.67774963378906
118.99624633789063
-178.42398071289063
-127.11140441894531
-42.91098403930664
133.27479553222656
-177.4898681640625
-57.802982330322266
-43.86457824707031
138.47360229492188
175.73321533203125
-89.58450317382813
-19.934776306152344
161.29403686523438
179.80343627929688
-67.56194305419922
164.31857299804688
-16.513547897338867
178.76377868652344
-92.2811050415039
-171.69114685058594
2.4658637046813965
-176.53378295898438
-68.25447845458984
-52.73506164550781
125.77847290039063
-177.77291870117188
-144.9163360595703
-80.61640167236328
104.2967529296875
-178.1269073486328
-49.09807205200195
-46.5651741027832
130.5146026611328
3.69118070602417
-84.5456771850586
178.9912872314453
1.8571233749389648
178.36392211914063
-89.24183654785156
-100.77531433105469
75.77579498291016
-174.722412109375
-76.10585021972656
-45.717525482177734
137.7318878173828
-173.80625915527344
-132.72607421875
-44.25029754638672
136.3719940185547
-176.70252990722656
-134.251708984375
-34.7979736328125
146.55648803710938
173.66229248046875
-91.14214324951172
-52.12398147583008
133.2917022705078
176.59201049804688
-98.64732360839844
-57.3971061706543
122.40689849853516
173.17132568359375
-118.01045227050781
-55.09224319458008
127.12834167480469
178.5594940185547
-99.65306854248047
-37.595279693603516
132.07469177246094
178.7661590576172
-154.07667541503906
-5.598836898803711
169.9051971435547
177.50177001953125
-121.34247589111328
-65.16543579101563
111.62136840820313
-179.34014892578125
-146.74378967285156
-10.475054740905762
176.48707580566406
173.8866424560547
-86.42196655273438
-36.26661682128906
144.71751403808594
179.2313690185547
-110.71105194091797
-23.71637725830078
155.34637451171875
177.83901977539063
-124.72686004638672
-58.77250671386719
120.49874877929688
179.7870330810547
-127.75695037841797
-27.01301383972168
158.62197875976563
172.09686279296875
-102.42573547363281
-41.265926361083984
133.56625366210938
-179.6208038330078
-113.92842864990234
-31.037302017211914
149.9348602294922
178.7540740966797
-158.7382049560547
-24.63064193725586
159.949951171875
174.9039306640625
83.65660095214844
12.584142684936523
-166.83273315429688
178.12477111816406
-146.65919494628906
-61.692779541015625
114.65042877197266
3.999809503555298
-61.54093551635742
-24.937929153442383
152.78973388671875
178.79214477539063
-78.59794616699219
-68.82605743408203
103.04009246826172
-173.59378051757813
-131.17503356933594
-9.042516708374023
167.53402709960938
178.6509552001953
-64.33332061767578
-49.71500015258789
136.58680725097656
179.24761962890625
-129.7721405029297
161.0387725830078
-16.16075325012207
176.74673461914063
-146.92657470703125
-39.134151458740234
143.13917541503906
176.78024291992188
-94.5981674194336
-68.30425262451172
113.93190002441406
-177.97836303710938
-93.08841705322266
128.87998962402344
-50.134857177734375
-174.6927490234375
-171.6463623046875
-15.621384620666504
163.4698486328125
178.061279296875
-120.48238372802734
-38.46138381958008
