106.5415267944336
109.37841033935547
113.03556823730469
108.73443603515625
104.30596923828125
110.21227264404297
110.64227294921875
105.35248565673828
107.30841064453125
106.54737091064453
106.6047134399414
106.79067993164063
111.7547836303711
102.6845474243164
118.82418823242188
120.71501159667969
108.65258026123047
108.47496032714844
107.01094055175781
103.54212188720703
113.82310485839844
113.2162094116211
109.73753356933594
114.6441421508789
111.11454772949219
111.55830383300781
109.4172592163086
111.89945983886719
110.51286315917969
111.17244720458984
117.0364761352539
109.94993591308594
106.3933334350586
109.08053588867188
107.16386413574219
110.61315155029297
114.5181655883789
107.21550750732422
111.5239028930664
115.76802825927734
114.86575317382813
112.57958221435547
110.33287048339844
109.76895904541016
106.78653717041016
116.67666625976563
107.05535888671875
110.50381469726563
112.16751861572266
120.31873321533203
112.11447143554688
105.39669799804688
117.72728729248047
110.46000671386719
107.5655288696289
117.07305908203125
107.34636688232422
113.01457214355469
117.5904312133789
109.17315673828125
109.86459350585938
113.68818664550781
106.4305648803711
103.52787017822266
119.43719482421875
109.15345001220703
112.080078125
107.37688446044922
118.23812103271484
110.61410522460938
111.45922088623047
107.8984375
106.81651306152344
107.44635009765625
111.94361877441406
106.77873229980469
114.5945053100586
110.01535034179688
109.1968994140625
112.44671630859375
111.8736343383789
105.74308013916016
108.0277099609375
108.82442474365234
117.66806030273438
108.71753692626953
115.37620544433594
105.31363677978516
112.8292236328125
105.66133117675781
115.12647247314453
119.71361541748047
112.14984130859375
114.5755844116211
112.3857421875
105.37215423583984
110.32150268554688
104.16911315917969
110.37504577636719
112.4232406616211
111.60997009277344
111.2542953491211
99.77525329589844
104.10962677001953
114.81651306152344
112.1645736694336
111.85890197753906
108.6035385131836
110.27298736572266
102.2823486328125
107.12483978271484
119.7896499633789
119.43426513671875
113.2423324584961
