5.000000
1.000000
7.000000
6.000000
7.000000
5.000000
9.000000
8.000000
17.000000
19.000000
14.000000
18.000000
17.000000
14.000000
19.000000
18.000000
19.000000
17.000000
20.000000
21.000000
19.000000
17.000000
21.000000
20.000000
22.000000
9.000000
24.000000
23.000000
24.000000
22.000000
26.000000
25.000000
32.000000
26.000000
34.000000
33.000000
34.000000
32.000000
36.000000
35.000000
49.000000
50.000000
53.000000
47.000000
56.000000
36.000000
58.000000
57.000000
58.000000
56.000000
60.000000
59.000000
68.000000
70.000000
65.000000
69.000000
68.000000
65.000000
70.000000
69.000000
70.000000
68.000000
71.000000
72.000000
70.000000
68.000000
72.000000
71.000000
73.000000
60.000000
75.000000
74.000000
75.000000
73.000000
77.000000
76.000000
92.000000
77.000000
94.000000
93.000000
94.000000
92.000000
96.000000
95.000000
111.000000
96.000000
113.000000
112.000000
113.000000
111.000000
115.000000
114.000000
122.000000
115.000000
124.000000
123.000000
124.000000
122.000000
126.000000
125.000000
129.000000
126.000000
131.000000
130.000000
131.000000
129.000000
133.000000
132.000000
148.000000
133.000000
150.000000
149.000000
150.000000
148.000000
152.000000
151.000000
164.000000
152.000000
166.000000
165.000000
166.000000
164.000000
168.000000
167.000000
176.000000
178.000000
173.000000
177.000000
176.000000
173.000000
178.000000
177.000000
178.000000
176.000000
179.000000
180.000000
178.000000
176.000000
180.000000
179.000000
181.000000
168.000000
183.000000
182.000000
183.000000
181.000000
185.000000
184.000000
193.000000
195.000000
190.000000
194.000000
193.000000
190.000000
195.000000
194.000000
195.000000
193.000000
196.000000
197.000000
195.000000
193.000000
197.000000
196.000000
198.000000
185.000000
200.000000
199.000000
200.000000
198.000000
202.000000
201.000000
210.000000
212.000000
207.000000
211.000000
210.000000
207.000000
212.000000
211.000000
212.000000
210.000000
213.000000
214.000000
212.000000
210.000000
214.000000
213.000000
215.000000
202.000000
217.000000
216.000000
217.000000
215.000000
219.000000
218.000000
224.000000
226.000000
221.000000
225.000000
224.000000
221.000000
226.000000
225.000000
226.000000
224.000000
227.000000
228.000000
226.000000
224.000000
228.000000
227.000000
229.000000
219.000000
231.000000
230.000000
231.000000
229.000000
233.000000
232.000000
238.000000
240.000000
235.000000
239.000000
238.000000
235.000000
240.000000
239.000000
240.000000
238.000000
241.000000
242.000000
240.000000
238.000000
242.000000
241.000000
243.000000
233.000000
245.000000
244.000000
245.000000
243.000000
247.000000
246.000000
262.000000
247.000000
264.000000
263.000000
264.000000
262.000000
266.000000
265.000000
281.000000
266.000000
283.000000
282.000000
283.000000
281.000000
285.000000
284.000000
298.000000
299.000000
302.000000
296.000000
305.000000
285.000000
307.000000
306.000000
307.000000
305.000000
309.000000
308.000000
315.000000
309.000000
317.000000
316.000000
317.000000
315.000000
319.000000
318.000000
334.000000
319.000000
336.000000
335.000000
336.000000
334.000000
338.000000
337.000000
346.000000
343.000000
348.000000
347.000000
349.000000
338.000000
351.000000
350.000000
351.000000
349.000000
353.000000
352.000000
359.000000
353.000000
361.000000
360.000000
361.000000
359.000000
363.000000
362.000000
371.000000
373.000000
368.000000
372.000000
371.000000
368.000000
373.000000
372.000000
373.000000
371.000000
374.000000
375.000000
373.000000
371.000000
375.000000
374.000000
376.000000
363.000000
378.000000
377.000000
378.000000
376.000000
380.000000
379.000000
388.000000
390.000000
385.000000
389.000000
388.000000
385.000000
390.000000
389.000000
390.000000
388.000000
391.000000
392.000000
390.000000
388.000000
392.000000
391.000000
393.000000
380.000000
395.000000
394.000000
395.000000
393.000000
397.000000
396.000000
404.000000
402.000000
406.000000
405.000000
404.000000
406.000000
402.000000
405.000000
406.000000
408.000000
404.000000
407.000000
406.000000
404.000000
408.000000
407.000000
408.000000
403.000000
406.000000
409.000000
408.000000
406.000000
403.000000
409.000000
410.000000
397.000000
412.000000
411.000000
412.000000
410.000000
414.000000
413.000000
429.000000
414.000000
431.000000
430.000000
431.000000
429.000000
433.000000
432.000000
448.000000
433.000000
450.000000
449.000000
450.000000
448.000000
452.000000
451.000000
460.000000
462.000000
457.000000
461.000000
460.000000
457.000000
462.000000
461.000000
462.000000
460.000000
463.000000
464.000000
462.000000
460.000000
464.000000
463.000000
465.000000
452.000000
467.000000
466.000000
467.000000
465.000000
469.000000
468.000000
484.000000
469.000000
486.000000
485.000000
486.000000
484.000000
488.000000
487.000000
498.000000
488.000000
500.000000
499.000000
500.000000
498.000000
502.000000
501.000000
514.000000
502.000000
516.000000
515.000000
516.000000
514.000000
518.000000
517.000000
538.000000
518.000000
540.000000
539.000000
540.000000
538.000000
542.000000
541.000000
545.000000
542.000000
547.000000
546.000000
547.000000
545.000000
549.000000
548.000000
564.000000
549.000000
566.000000
565.000000
566.000000
564.000000
568.000000
567.000000
586.000000
568.000000
588.000000
587.000000
588.000000
586.000000
590.000000
589.000000
598.000000
600.000000
595.000000
599.000000
598.000000
595.000000
600.000000
599.000000
600.000000
598.000000
601.000000
602.000000
600.000000
598.000000
602.000000
601.000000
603.000000
590.000000
605.000000
604.000000
605.000000
603.000000
607.000000
606.000000
622.000000
607.000000
624.000000
623.000000
624.000000
622.000000
626.000000
625.000000
634.000000
636.000000
631.000000
635.000000
634.000000
631.000000
636.000000
635.000000
636.000000
634.000000
637.000000
638.000000
636.000000
634.000000
638.000000
637.000000
639.000000
626.000000
641.000000
640.000000
641.000000
639.000000
643.000000
642.000000
649.000000
643.000000
651.000000
650.000000
651.000000
649.000000
653.000000
652.000000
666.000000
667.000000
670.000000
664.000000
673.000000
653.000000
675.000000
674.000000
675.000000
673.000000
677.000000
676.000000
692.000000
677.000000
694.000000
693.000000
694.000000
692.000000
696.000000
695.000000
711.000000
696.000000
713.000000
712.000000
713.000000
711.000000
715.000000
714.000000
721.000000
715.000000
723.000000
722.000000
723.000000
721.000000
725.000000
724.000000
737.000000
725.000000
739.000000
738.000000
739.000000
737.000000
741.000000
740.000000
749.000000
746.000000
751.000000
750.000000
752.000000
741.000000
754.000000
753.000000
754.000000
752.000000
756.000000
755.000000
769.000000
770.000000
773.000000
767.000000
776.000000
756.000000
778.000000
777.000000
778.000000
776.000000
780.000000
779.000000
797.000000
780.000000
799.000000
798.000000
799.000000
797.000000
801.000000
800.000000
816.000000
801.000000
818.000000
817.000000
818.000000
816.000000
820.000000
819.000000
838.000000
820.000000
840.000000
839.000000
840.000000
838.000000
842.000000
841.000000
847.000000
844.000000
849.000000
848.000000
850.000000
842.000000
852.000000
851.000000
852.000000
850.000000
854.000000
853.000000
862.000000
864.000000
859.000000
863.000000
862.000000
859.000000
864.000000
863.000000
864.000000
862.000000
865.000000
866.000000
864.000000
862.000000
866.000000
865.000000
867.000000
854.000000
869.000000
868.000000
869.000000
867.000000
871.000000
870.000000
879.000000
881.000000
876.000000
880.000000
879.000000
876.000000
881.000000
880.000000
881.000000
879.000000
882.000000
883.000000
881.000000
879.000000
883.000000
882.000000
884.000000
871.000000
886.000000
885.000000
886.000000
884.000000
888.000000
887.000000
903.000000
888.000000
905.000000
904.000000
905.000000
903.000000
907.000000
906.000000
922.000000
907.000000
924.000000
923.000000
924.000000
922.000000
926.000000
925.000000
929.000000
926.000000
931.000000
930.000000
931.000000
929.000000
933.000000
932.000000
948.000000
933.000000
950.000000
949.000000
950.000000
948.000000
952.000000
951.000000
972.000000
952.000000
974.000000
973.000000
974.000000
972.000000
976.000000
975.000000
979.000000
976.000000
983.000000
980.000000
983.000000
979.000000
985.000000
984.000000
989.000000
985.000000
991.000000
990.000000
991.000000
989.000000
993.000000
992.000000
1000.000000
993.000000
1002.000000
1001.000000
1002.000000
1000.000000
1004.000000
1003.000000
1007.000000
1004.000000
1009.000000
1008.000000
1009.000000
1007.000000
1011.000000
1010.000000
1029.000000
1011.000000
1031.000000
1030.000000
1031.000000
1029.000000
1033.000000
1032.000000
1048.000000
1033.000000
1050.000000
1049.000000
1050.000000
1048.000000
1052.000000
1051.000000
1067.000000
1052.000000
1071.000000
1068.000000
1071.000000
1067.000000
1073.000000
1072.000000
1077.000000
1073.000000
1079.000000
1078.000000
1079.000000
1077.000000
1081.000000
1080.000000
1091.000000
1081.000000
1093.000000
1092.000000
1093.000000
1091.000000
1095.000000
1094.000000
1105.000000
1095.000000
1107.000000
1106.000000
1107.000000
1105.000000
1109.000000
1108.000000
1115.000000
1109.000000
1117.000000
1116.000000
1117.000000
1115.000000
1119.000000
1118.000000
1131.000000
1119.000000
1133.000000
1132.000000
1133.000000
1131.000000
1137.000000
1134.000000
1145.000000
1137.000000
1147.000000
1146.000000
1147.000000
1145.000000
1149.000000
1148.000000
1169.000000
1149.000000
1171.000000
1170.000000
1171.000000
1169.000000
1173.000000
1172.000000
1178.000000
1180.000000
1175.000000
1179.000000
1178.000000
1175.000000
1180.000000
1179.000000
1180.000000
1178.000000
1181.000000
1182.000000
1180.000000
1178.000000
1182.000000
1181.000000
1183.000000
1173.000000
1185.000000
1184.000000
1185.000000
1183.000000
1187.000000
1186.000000
1193.000000
1187.000000
1195.000000
1194.000000
1195.000000
1193.000000
1197.000000
1196.000000
1204.000000
1197.000000
1206.000000
1205.000000
1206.000000
1204.000000
1208.000000
1207.000000
1228.000000
1208.000000
1230.000000
1229.000000
1230.000000
1228.000000
1232.000000
1231.000000
1239.000000
1232.000000
1241.000000
1240.000000
1241.000000
1239.000000
1243.000000
1242.000000
1248.000000
1250.000000
1245.000000
1249.000000
1248.000000
1245.000000
1250.000000
1249.000000
1250.000000
1248.000000
1251.000000
1252.000000
1250.000000
1248.000000
1252.000000
1251.000000
1253.000000
1243.000000
1255.000000
1254.000000
1255.000000
1253.000000
1257.000000
1256.000000
1275.000000
1257.000000
1277.000000
1276.000000
1277.000000
1275.000000
1279.000000
1278.000000
1286.000000
1279.000000
1288.000000
1287.000000
1288.000000
1286.000000
1290.000000
1289.000000
1305.000000
1290.000000
1307.000000
1306.000000
1307.000000
1305.000000
1309.000000
1308.000000
1317.000000
1314.000000
1319.000000
1318.000000
1320.000000
1309.000000
1322.000000
1321.000000
1322.000000
1320.000000
1324.000000
1323.000000
1332.000000
1334.000000
1329.000000
1333.000000
1332.000000
1329.000000
1334.000000
1333.000000
1334.000000
1332.000000
1335.000000
1336.000000
1334.000000
1332.000000
1336.000000
1335.000000
1337.000000
1324.000000
1339.000000
1338.000000
1339.000000
1337.000000
1341.000000
1340.000000
1356.000000
1341.000000
1358.000000
1357.000000
1358.000000
1356.000000
1360.000000
1359.000000
1380.000000
1360.000000
1382.000000
1381.000000
1382.000000
1380.000000
1384.000000
1383.000000
1389.000000
1391.000000
1386.000000
1390.000000
1389.000000
1386.000000
1391.000000
1390.000000
1391.000000
1389.000000
1392.000000
1393.000000
1391.000000
1389.000000
1393.000000
1392.000000
1394.000000
1384.000000
1396.000000
1395.000000
1396.000000
1394.000000
1398.000000
1397.000000
1405.000000
1403.000000
1407.000000
1406.000000
1405.000000
1407.000000
1403.000000
1406.000000
1407.000000
1409.000000
1405.000000
1408.000000
1407.000000
1405.000000
1409.000000
1408.000000
1409.000000
1404.000000
1407.000000
1410.000000
1409.000000
1407.000000
1404.000000
1410.000000
1411.000000
1398.000000
1413.000000
1412.000000
1413.000000
1411.000000
1415.000000
1414.000000
1425.000000
1415.000000
1427.000000
1426.000000
1427.000000
1425.000000
1429.000000
1428.000000
1439.000000
1429.000000
1441.000000
1440.000000
1441.000000
1439.000000
1443.000000
1442.000000
1463.000000
1443.000000
1465.000000
1464.000000
1465.000000
1463.000000
1467.000000
1466.000000
1480.000000
1467.000000
1482.000000
1481.000000
1482.000000
1480.000000
1484.000000
1483.000000
1492.000000
1489.000000
1494.000000
1493.000000
1495.000000
1484.000000
1497.000000
1496.000000
1497.000000
1495.000000
1499.000000
1498.000000
1519.000000
1499.000000
1521.000000
1520.000000
1521.000000
1519.000000
1523.000000
1522.000000
1528.000000
1525.000000
1530.000000
1529.000000
1531.000000
1523.000000
1533.000000
1532.000000
1533.000000
1531.000000
1535.000000
1534.000000
1548.000000
1549.000000
1552.000000
1546.000000
1555.000000
1535.000000
1557.000000
1556.000000
1557.000000
1555.000000
1559.000000
1558.000000
1567.000000
1564.000000
1569.000000
1568.000000
1570.000000
1559.000000
1572.000000
1571.000000
1572.000000
1570.000000
1574.000000
1573.000000
1589.000000
1574.000000
1591.000000
1590.000000
1591.000000
1589.000000
1593.000000
1592.000000
1598.000000
1600.000000
1595.000000
1599.000000
1598.000000
1595.000000
1600.000000
1599.000000
1600.000000
1598.000000
1601.000000
1602.000000
1600.000000
1598.000000
1602.000000
1601.000000
1603.000000
1593.000000
1605.000000
1604.000000
1605.000000
1603.000000
1607.000000
1606.000000
1612.000000
1614.000000
1609.000000
1613.000000
1612.000000
1609.000000
1614.000000
1613.000000
1614.000000
1612.000000
1615.000000
1616.000000
1614.000000
1612.000000
1616.000000
1615.000000
1617.000000
1607.000000
1619.000000
1618.000000
1619.000000
1617.000000
1621.000000
1620.000000
1638.000000
1621.000000
1640.000000
1639.000000
1640.000000
1638.000000
1642.000000
1641.000000
1652.000000
1642.000000
1654.000000
1653.000000
1654.000000
1652.000000
1656.000000
1655.000000
1663.000000
1656.000000
1665.000000
1664.000000
1665.000000
1663.000000
1667.000000
1666.000000
1682.000000
1667.000000
1684.000000
1683.000000
1684.000000
1682.000000
1686.000000
1685.000000
1701.000000
1686.000000
1703.000000
1702.000000
1703.000000
1701.000000
1705.000000
1704.000000
1712.000000
1710.000000
1714.000000
1713.000000
1712.000000
1714.000000
1710.000000
1713.000000
1714.000000
1716.000000
1712.000000
1715.000000
1714.000000
1712.000000
1716.000000
1715.000000
1716.000000
1711.000000
1714.000000
1717.000000
1716.000000
1714.000000
1711.000000
1717.000000
1718.000000
1705.000000
1720.000000
1719.000000
1720.000000
1718.000000
1722.000000
1721.000000
1729.000000
1722.000000
1731.000000
1730.000000
1731.000000
1729.000000
1733.000000
1732.000000
1748.000000
1733.000000
1750.000000
1749.000000
1750.000000
1748.000000
1752.000000
1751.000000
1767.000000
1752.000000
1769.000000
1768.000000
1769.000000
1767.000000
1771.000000
1770.000000
1779.000000
1776.000000
1781.000000
1780.000000
1782.000000
1771.000000
1784.000000
1783.000000
1784.000000
1782.000000
1786.000000
1785.000000
1794.000000
1791.000000
1796.000000
1795.000000
1797.000000
1786.000000
1799.000000
1798.000000
1799.000000
1797.000000
1801.000000
1800.000000
1808.000000
1801.000000
1810.000000
1809.000000
1810.000000
1808.000000
1812.000000
1811.000000
1820.000000
1822.000000
1817.000000
1821.000000
1820.000000
1817.000000
1822.000000
1821.000000
1822.000000
1820.000000
1823.000000
1824.000000
1822.000000
1820.000000
1824.000000
1823.000000
1825.000000
1812.000000
1827.000000
1826.000000
1827.000000
1825.000000
1829.000000
1828.000000
1834.000000
1836.000000
1831.000000
1835.000000
1834.000000
1831.000000
1836.000000
1835.000000
1836.000000
1834.000000
1837.000000
1838.000000
1836.000000
1834.000000
1838.000000
1837.000000
1839.000000
1829.000000
1841.000000
1840.000000
1841.000000
1839.000000
1843.000000
1842.000000
1851.000000
1853.000000
1848.000000
1852.000000
1851.000000
1848.000000
1853.000000
1852.000000
1853.000000
1851.000000
1854.000000
1855.000000
1853.000000
1851.000000
1855.000000
1854.000000
1856.000000
1843.000000
1858.000000
1857.000000
1858.000000
1856.000000
1860.000000
1859.000000
1868.000000
1870.000000
1865.000000
1869.000000
1868.000000
1865.000000
1870.000000
1869.000000
1870.000000
1868.000000
1871.000000
1872.000000
1870.000000
1868.000000
1872.000000
1871.000000
1873.000000
1860.000000
1875.000000
1874.000000
1875.000000
1873.000000
1877.000000
1876.000000
1885.000000
1882.000000
1887.000000
1886.000000
1888.000000
1877.000000
1890.000000
1889.000000
1890.000000
1888.000000
1892.000000
1891.000000
1910.000000
1892.000000
1912.000000
1911.000000
1912.000000
1910.000000
1914.000000
1913.000000
1919.000000
1921.000000
1916.000000
1920.000000
1919.000000
1916.000000
1921.000000
1920.000000
1921.000000
1919.000000
1922.000000
1923.000000
1921.000000
1919.000000
1923.000000
1922.000000
1924.000000
1914.000000
1926.000000
1925.000000
1926.000000
1924.000000
1928.000000
1927.000000
1936.000000
1933.000000
1938.000000
1937.000000
1939.000000
1928.000000
1941.000000
1940.000000
1941.000000
1939.000000
1943.000000
1942.000000
1951.000000
1953.000000
1948.000000
1952.000000
1951.000000
1948.000000
1953.000000
1952.000000
1953.000000
1951.000000
1954.000000
1955.000000
1953.000000
1951.000000
1955.000000
1954.000000
1956.000000
1943.000000
1958.000000
1957.000000
1958.000000
1956.000000
1960.000000
1959.000000
1968.000000
1965.000000
1970.000000
1969.000000
1971.000000
1960.000000
1973.000000
1972.000000
1973.000000
1971.000000
1975.000000
1974.000000
1990.000000
1975.000000
1992.000000
1991.000000
1992.000000
1990.000000
1994.000000
1993.000000
2009.000000
1994.000000
2011.000000
2010.000000
2011.000000
2009.000000
2013.000000
2012.000000
2021.000000
2018.000000
2023.000000
2022.000000
2024.000000
2013.000000
2026.000000
2025.000000
2026.000000
2024.000000
2028.000000
2027.000000
2043.000000
2028.000000
2045.000000
2044.000000
2045.000000
2043.000000
2047.000000
2046.000000
2052.000000
2049.000000
2054.000000
2053.000000
2055.000000
2047.000000
2065.000000
2056.000000
2057.000000
2067.000000
2059.000000
2058.000000
2059.000000
2057.000000
2061.000000
2060.000000
2065.000000
2055.000000
2067.000000
2066.000000
2089.000000
2085.000000
2091.000000
2090.000000
2091.000000
2089.000000
2093.000000
2092.000000
2101.000000
2103.000000
2098.000000
2102.000000
2101.000000
2098.000000
2103.000000
2102.000000
2103.000000
2101.000000
2104.000000
2105.000000
2103.000000
2101.000000
2105.000000
2104.000000
2106.000000
2093.000000
2108.000000
2107.000000
2108.000000
2106.000000
2110.000000
2109.000000
2116.000000
2110.000000
2118.000000
2117.000000
2118.000000
2116.000000
2120.000000
2119.000000
2133.000000
2134.000000
2137.000000
2131.000000
2140.000000
2120.000000
2142.000000
2141.000000
2142.000000
2140.000000
2144.000000
2143.000000
2152.000000
2154.000000
2149.000000
2153.000000
2152.000000
2149.000000
2154.000000
2153.000000
2154.000000
2152.000000
2155.000000
2156.000000
2154.000000
2152.000000
2156.000000
2155.000000
2157.000000
2144.000000
2159.000000
2158.000000
2159.000000
2157.000000
2161.000000
2160.000000
2176.000000
2161.000000
2178.000000
2177.000000
2178.000000
2176.000000
2180.000000
2179.000000
2195.000000
2180.000000
2197.000000
2196.000000
2197.000000
2195.000000
2199.000000
2198.000000
2206.000000
2199.000000
2208.000000
2207.000000
2208.000000
2206.000000
2210.000000
2209.000000
2213.000000
2210.000000
2215.000000
2214.000000
2215.000000
2213.000000
2217.000000
2216.000000
2232.000000
2217.000000
2234.000000
2233.000000
2234.000000
2232.000000
2236.000000
2235.000000
2248.000000
2236.000000
2250.000000
2249.000000
2250.000000
2248.000000
2252.000000
2251.000000
2260.000000
2262.000000
2257.000000
2261.000000
2260.000000
2257.000000
2262.000000
2261.000000
2262.000000
2260.000000
2263.000000
2264.000000
2262.000000
2260.000000
2264.000000
2263.000000
2265.000000
2252.000000
2267.000000
2266.000000
2267.000000
2265.000000
2269.000000
2268.000000
2277.000000
2279.000000
2274.000000
2278.000000
2277.000000
2274.000000
2279.000000
2278.000000
2279.000000
2277.000000
2280.000000
2281.000000
2279.000000
2277.000000
2281.000000
2280.000000
2282.000000
2269.000000
2284.000000
2283.000000
2284.000000
2282.000000
2286.000000
2285.000000
2294.000000
2296.000000
2291.000000
2295.000000
2294.000000
2291.000000
2296.000000
2295.000000
2296.000000
2294.000000
2297.000000
2298.000000
2296.000000
2294.000000
2298.000000
2297.000000
2299.000000
2286.000000
2301.000000
2300.000000
2301.000000
2299.000000
2303.000000
2302.000000
2308.000000
2310.000000
2305.000000
2309.000000
2308.000000
2305.000000
2310.000000
2309.000000
2310.000000
2308.000000
2311.000000
2312.000000
2310.000000
2308.000000
2312.000000
2311.000000
2313.000000
2303.000000
2315.000000
2314.000000
2315.000000
2313.000000
2317.000000
2316.000000
2322.000000
2324.000000
2319.000000
2323.000000
2322.000000
2319.000000
2324.000000
2323.000000
2324.000000
2322.000000
2325.000000
2326.000000
2324.000000
2322.000000
2326.000000
2325.000000
2327.000000
2317.000000
2329.000000
2328.000000
2329.000000
2327.000000
2331.000000
2330.000000
2346.000000
2331.000000
2348.000000
2347.000000
2348.000000
2346.000000
2350.000000
2349.000000
2365.000000
2350.000000
2367.000000
2366.000000
2367.000000
2365.000000
2369.000000
2368.000000
2382.000000
2383.000000
2386.000000
2380.000000
2389.000000
2369.000000
2391.000000
2390.000000
2391.000000
2389.000000
2393.000000
2392.000000
2399.000000
2393.000000
2401.000000
2400.000000
2401.000000
2399.000000
2403.000000
2402.000000
2418.000000
2403.000000
2420.000000
2419.000000
2420.000000
2418.000000
2422.000000
2421.000000
2430.000000
2427.000000
2432.000000
2431.000000
2433.000000
2422.000000
2435.000000
2434.000000
2435.000000
2433.000000
2437.000000
2436.000000
2443.000000
2437.000000
2445.000000
2444.000000
2445.000000
2443.000000
2447.000000
2446.000000
2455.000000
2457.000000
2452.000000
2456.000000
2455.000000
2452.000000
2457.000000
2456.000000
2457.000000
2455.000000
2458.000000
2459.000000
2457.000000
2455.000000
2459.000000
2458.000000
2460.000000
2447.000000
2462.000000
2461.000000
2462.000000
2460.000000
2464.000000
2463.000000
2472.000000
2474.000000
2469.000000
2473.000000
2472.000000
2469.000000
2474.000000
2473.000000
2474.000000
2472.000000
2475.000000
2476.000000
2474.000000
2472.000000
2476.000000
2475.000000
2477.000000
2464.000000
2479.000000
2478.000000
2479.000000
2477.000000
2481.000000
2480.000000
2488.000000
2486.000000
2490.000000
2489.000000
2488.000000
2490.000000
2486.000000
2489.000000
2490.000000
2492.000000
2488.000000
2491.000000
2490.000000
2488.000000
2492.000000
2491.000000
2492.000000
2487.000000
2490.000000
2493.000000
2492.000000
2490.000000
2487.000000
2493.000000
2494.000000
2481.000000
2496.000000
2495.000000
2496.000000
2494.000000
2498.000000
2497.000000
2513.000000
2498.000000
2515.000000
2514.000000
2515.000000
2513.000000
2517.000000
2516.000000
2532.000000
2517.000000
2534.000000
2533.000000
2534.000000
2532.000000
2536.000000
2535.000000
2544.000000
2546.000000
2541.000000
2545.000000
2544.000000
2541.000000
2546.000000
2545.000000
2546.000000
2544.000000
2547.000000
2548.000000
2546.000000
2544.000000
2548.000000
2547.000000
2549.000000
2536.000000
2551.000000
2550.000000
2551.000000
2549.000000
2553.000000
2552.000000
2568.000000
2553.000000
2570.000000
2569.000000
2570.000000
2568.000000
2572.000000
2571.000000
2582.000000
2572.000000
2584.000000
2583.000000
2584.000000
2582.000000
2586.000000
2585.000000
2598.000000
2586.000000
2600.000000
2599.000000
2600.000000
2598.000000
2602.000000
2601.000000
2622.000000
2602.000000
2624.000000
2623.000000
2624.000000
2622.000000
2626.000000
2625.000000
2629.000000
2626.000000
2631.000000
2630.000000
2631.000000
2629.000000
2633.000000
2632.000000
2648.000000
2633.000000
2650.000000
2649.000000
2650.000000
2648.000000
2652.000000
2651.000000
2670.000000
2652.000000
2672.000000
2671.000000
2672.000000
2670.000000
2674.000000
2673.000000
2682.000000
2684.000000
2679.000000
2683.000000
2682.000000
2679.000000
2684.000000
2683.000000
2684.000000
2682.000000
2685.000000
2686.000000
2684.000000
2682.000000
2686.000000
2685.000000
2687.000000
2674.000000
2689.000000
2688.000000
2689.000000
2687.000000
2691.000000
2690.000000
2706.000000
2691.000000
2708.000000
2707.000000
2708.000000
2706.000000
2710.000000
2709.000000
2718.000000
2720.000000
2715.000000
2719.000000
2718.000000
2715.000000
2720.000000
2719.000000
2720.000000
2718.000000
2721.000000
2722.000000
2720.000000
2718.000000
2722.000000
2721.000000
2723.000000
2710.000000
2725.000000
2724.000000
2725.000000
2723.000000
2727.000000
2726.000000
2733.000000
2727.000000
2735.000000
2734.000000
2735.000000
2733.000000
2737.000000
2736.000000
2750.000000
2751.000000
2754.000000
2748.000000
2757.000000
2737.000000
2759.000000
2758.000000
2759.000000
2757.000000
2761.000000
2760.000000
2776.000000
2761.000000
2778.000000
2777.000000
2778.000000
2776.000000
2780.000000
2779.000000
2795.000000
2780.000000
2797.000000
2796.000000
2797.000000
2795.000000
2799.000000
2798.000000
2805.000000
2799.000000
2807.000000
2806.000000
2807.000000
2805.000000
2809.000000
2808.000000
2821.000000
2809.000000
2823.000000
2822.000000
2823.000000
2821.000000
2825.000000
2824.000000
2833.000000
2830.000000
2835.000000
2834.000000
2836.000000
2825.000000
2838.000000
2837.000000
2838.000000
2836.000000
2840.000000
2839.000000
2853.000000
2854.000000
2857.000000
2851.000000
2860.000000
2840.000000
2862.000000
2861.000000
2862.000000
2860.000000
2864.000000
2863.000000
2881.000000
2864.000000
2883.000000
2882.000000
2883.000000
2881.000000
2885.000000
2884.000000
2900.000000
2885.000000
2902.000000
2901.000000
2902.000000
2900.000000
2904.000000
2903.000000
2922.000000
2904.000000
2924.000000
2923.000000
2924.000000
2922.000000
2926.000000
2925.000000
2931.000000
2928.000000
2933.000000
2932.000000
2934.000000
2926.000000
2936.000000
2935.000000
2936.000000
2934.000000
2938.000000
2937.000000
2946.000000
2948.000000
2943.000000
2947.000000
2946.000000
2943.000000
2948.000000
2947.000000
2948.000000
2946.000000
2949.000000
2950.000000
2948.000000
2946.000000
2950.000000
2949.000000
2951.000000
2938.000000
2953.000000
2952.000000
2953.000000
2951.000000
2955.000000
2954.000000
2963.000000
2965.000000
2960.000000
2964.000000
2963.000000
2960.000000
2965.000000
2964.000000
2965.000000
2963.000000
2966.000000
2967.000000
2965.000000
2963.000000
2967.000000
2966.000000
2968.000000
2955.000000
2970.000000
2969.000000
2970.000000
2968.000000
2972.000000
2971.000000
2987.000000
2972.000000
2989.000000
2988.000000
2989.000000
2987.000000
2991.000000
2990.000000
3006.000000
2991.000000
3008.000000
3007.000000
3008.000000
3006.000000
3010.000000
3009.000000
3013.000000
3010.000000
3015.000000
3014.000000
3015.000000
3013.000000
3017.000000
3016.000000
3032.000000
3017.000000
3034.000000
3033.000000
3034.000000
3032.000000
3036.000000
3035.000000
3056.000000
3036.000000
3058.000000
3057.000000
3058.000000
3056.000000
3060.000000
3059.000000
3063.000000
3060.000000
3067.000000
3064.000000
3067.000000
3063.000000
3069.000000
3068.000000
3073.000000
3069.000000
3075.000000
3074.000000
3075.000000
3073.000000
3077.000000
3076.000000
3084.000000
3077.000000
3086.000000
3085.000000
3086.000000
3084.000000
3088.000000
3087.000000
3091.000000
3088.000000
3093.000000
3092.000000
3093.000000
3091.000000
3095.000000
3094.000000
3113.000000
3095.000000
3115.000000
3114.000000
3115.000000
3113.000000
3117.000000
3116.000000
3132.000000
3117.000000
3134.000000
3133.000000
3134.000000
3132.000000
3136.000000
3135.000000
3151.000000
3136.000000
3155.000000
3152.000000
3155.000000
3151.000000
3157.000000
3156.000000
3161.000000
3157.000000
3163.000000
3162.000000
3163.000000
3161.000000
3165.000000
3164.000000
3175.000000
3165.000000
3177.000000
3176.000000
3177.000000
3175.000000
3179.000000
3178.000000
3189.000000
3179.000000
3191.000000
3190.000000
3191.000000
3189.000000
3193.000000
3192.000000
3199.000000
3193.000000
3201.000000
3200.000000
3201.000000
3199.000000
3203.000000
3202.000000
3215.000000
3203.000000
3217.000000
3216.000000
3217.000000
3215.000000
3221.000000
3218.000000
3229.000000
3221.000000
3231.000000
3230.000000
3231.000000
3229.000000
3233.000000
3232.000000
3253.000000
3233.000000
3255.000000
3254.000000
3255.000000
3253.000000
3257.000000
3256.000000
3262.000000
3264.000000
3259.000000
3263.000000
3262.000000
3259.000000
3264.000000
3263.000000
3264.000000
3262.000000
3265.000000
3266.000000
3264.000000
3262.000000
3266.000000
3265.000000
3267.000000
3257.000000
3269.000000
3268.000000
3269.000000
3267.000000
3271.000000
3270.000000
3277.000000
3271.000000
3279.000000
3278.000000
3279.000000
3277.000000
3281.000000
3280.000000
3288.000000
3281.000000
3290.000000
3289.000000
3290.000000
3288.000000
3292.000000
3291.000000
3312.000000
3292.000000
3314.000000
3313.000000
3314.000000
3312.000000
3316.000000
3315.000000
3323.000000
3316.000000
3325.000000
3324.000000
3325.000000
3323.000000
3327.000000
3326.000000
3332.000000
3334.000000
3329.000000
3333.000000
3332.000000
3329.000000
3334.000000
3333.000000
3334.000000
3332.000000
3335.000000
3336.000000
3334.000000
3332.000000
3336.000000
3335.000000
3337.000000
3327.000000
3339.000000
3338.000000
3339.000000
3337.000000
3341.000000
3340.000000
3359.000000
3341.000000
3361.000000
3360.000000
3361.000000
3359.000000
3363.000000
3362.000000
3370.000000
3363.000000
3372.000000
3371.000000
3372.000000
3370.000000
3374.000000
3373.000000
3389.000000
3374.000000
3391.000000
3390.000000
3391.000000
3389.000000
3393.000000
3392.000000
3401.000000
3398.000000
3403.000000
3402.000000
3404.000000
3393.000000
3406.000000
3405.000000
3406.000000
3404.000000
3408.000000
3407.000000
3416.000000
3418.000000
3413.000000
3417.000000
3416.000000
3413.000000
3418.000000
3417.000000
3418.000000
3416.000000
3419.000000
3420.000000
3418.000000
3416.000000
3420.000000
3419.000000
3421.000000
3408.000000
3423.000000
3422.000000
3423.000000
3421.000000
3425.000000
3424.000000
3440.000000
3425.000000
3442.000000
3441.000000
3442.000000
3440.000000
3444.000000
3443.000000
3464.000000
3444.000000
3466.000000
3465.000000
3466.000000
3464.000000
3468.000000
3467.000000
3473.000000
3475.000000
3470.000000
3474.000000
3473.000000
3470.000000
3475.000000
3474.000000
3475.000000
3473.000000
3476.000000
3477.000000
3475.000000
3473.000000
3477.000000
3476.000000
3478.000000
3468.000000
3480.000000
3479.000000
3480.000000
3478.000000
3482.000000
3481.000000
3489.000000
3487.000000
3491.000000
3490.000000
3489.000000
3491.000000
3487.000000
3490.000000
3491.000000
3493.000000
3489.000000
3492.000000
3491.000000
3489.000000
3493.000000
3492.000000
3493.000000
3488.000000
3491.000000
3494.000000
3493.000000
3491.000000
3488.000000
3494.000000
3495.000000
3482.000000
3497.000000
3496.000000
3497.000000
3495.000000
3499.000000
3498.000000
3509.000000
3499.000000
3511.000000
3510.000000
3511.000000
3509.000000
3513.000000
3512.000000
3523.000000
3513.000000
3525.000000
3524.000000
3525.000000
3523.000000
3527.000000
3526.000000
3547.000000
3527.000000
3549.000000
3548.000000
3549.000000
3547.000000
3551.000000
3550.000000
3564.000000
3551.000000
3566.000000
3565.000000
3566.000000
3564.000000
3568.000000
3567.000000
3576.000000
3573.000000
3578.000000
3577.000000
3579.000000
3568.000000
3581.000000
3580.000000
3581.000000
3579.000000
3583.000000
3582.000000
3603.000000
3583.000000
3605.000000
3604.000000
3605.000000
3603.000000
3607.000000
3606.000000
3612.000000
3609.000000
3614.000000
3613.000000
3615.000000
3607.000000
3617.000000
3616.000000
3617.000000
3615.000000
3619.000000
3618.000000
3632.000000
3633.000000
3636.000000
3630.000000
3639.000000
3619.000000
3641.000000
3640.000000
3641.000000
3639.000000
3643.000000
3642.000000
3651.000000
3648.000000
3653.000000
3652.000000
3654.000000
3643.000000
3656.000000
3655.000000
3656.000000
3654.000000
3658.000000
3657.000000
3673.000000
3658.000000
3675.000000
3674.000000
3675.000000
3673.000000
3677.000000
3676.000000
3682.000000
3684.000000
3679.000000
3683.000000
3682.000000
3679.000000
3684.000000
3683.000000
3684.000000
3682.000000
3685.000000
3686.000000
3684.000000
3682.000000
3686.000000
3685.000000
3687.000000
3677.000000
3689.000000
3688.000000
3689.000000
3687.000000
3691.000000
3690.000000
3696.000000
3698.000000
3693.000000
3697.000000
3696.000000
3693.000000
3698.000000
3697.000000
3698.000000
3696.000000
3699.000000
3700.000000
3698.000000
3696.000000
3700.000000
3699.000000
3701.000000
3691.000000
3703.000000
3702.000000
3703.000000
3701.000000
3705.000000
3704.000000
3722.000000
3705.000000
3724.000000
3723.000000
3724.000000
3722.000000
3726.000000
3725.000000
3736.000000
3726.000000
3738.000000
3737.000000
3738.000000
3736.000000
3740.000000
3739.000000
3747.000000
3740.000000
3749.000000
3748.000000
3749.000000
3747.000000
3751.000000
3750.000000
3766.000000
3751.000000
3768.000000
3767.000000
3768.000000
3766.000000
3770.000000
3769.000000
3785.000000
3770.000000
3787.000000
3786.000000
3787.000000
3785.000000
3789.000000
3788.000000
3796.000000
3794.000000
3798.000000
3797.000000
3796.000000
3798.000000
3794.000000
3797.000000
3798.000000
3800.000000
3796.000000
3799.000000
3798.000000
3796.000000
3800.000000
3799.000000
3800.000000
3795.000000
3798.000000
3801.000000
3800.000000
3798.000000
3795.000000
3801.000000
3802.000000
3789.000000
3804.000000
3803.000000
3804.000000
3802.000000
3806.000000
3805.000000
3813.000000
3806.000000
3815.000000
3814.000000
3815.000000
3813.000000
3817.000000
3816.000000
3832.000000
3817.000000
3834.000000
3833.000000
3834.000000
3832.000000
3836.000000
3835.000000
3851.000000
3836.000000
3853.000000
3852.000000
3853.000000
3851.000000
3855.000000
3854.000000
3863.000000
3860.000000
3865.000000
3864.000000
3866.000000
3855.000000
3868.000000
3867.000000
3868.000000
3866.000000
3870.000000
3869.000000
3878.000000
3875.000000
3880.000000
3879.000000
3881.000000
3870.000000
3883.000000
3882.000000
3883.000000
3881.000000
3885.000000
3884.000000
3892.000000
3885.000000
3894.000000
3893.000000
3894.000000
3892.000000
3896.000000
3895.000000
3904.000000
3906.000000
3901.000000
3905.000000
3904.000000
3901.000000
3906.000000
3905.000000
3906.000000
3904.000000
3907.000000
3908.000000
3906.000000
3904.000000
3908.000000
3907.000000
3909.000000
3896.000000
3911.000000
3910.000000
3911.000000
3909.000000
3913.000000
3912.000000
3918.000000
3920.000000
3915.000000
3919.000000
3918.000000
3915.000000
3920.000000
3919.000000
3920.000000
3918.000000
3921.000000
3922.000000
3920.000000
3918.000000
3922.000000
3921.000000
3923.000000
3913.000000
3925.000000
3924.000000
3925.000000
3923.000000
3927.000000
3926.000000
3935.000000
3937.000000
3932.000000
3936.000000
3935.000000
3932.000000
3937.000000
3936.000000
3937.000000
3935.000000
3938.000000
3939.000000
3937.000000
3935.000000
3939.000000
3938.000000
3940.000000
3927.000000
3942.000000
3941.000000
3942.000000
3940.000000
3944.000000
3943.000000
3952.000000
3954.000000
3949.000000
3953.000000
3952.000000
3949.000000
3954.000000
3953.000000
3954.000000
3952.000000
3955.000000
3956.000000
3954.000000
3952.000000
3956.000000
3955.000000
3957.000000
3944.000000
3959.000000
3958.000000
3959.000000
3957.000000
3961.000000
3960.000000
3969.000000
3966.000000
3971.000000
3970.000000
3972.000000
3961.000000
3974.000000
3973.000000
3974.000000
3972.000000
3976.000000
3975.000000
3994.000000
3976.000000
3996.000000
3995.000000
3996.000000
3994.000000
3998.000000
3997.000000
4003.000000
4005.000000
4000.000000
4004.000000
4003.000000
4000.000000
4005.000000
4004.000000
4005.000000
4003.000000
4006.000000
4007.000000
4005.000000
4003.000000
4007.000000
4006.000000
4008.000000
3998.000000
4010.000000
4009.000000
4010.000000
4008.000000
4012.000000
4011.000000
4020.000000
4017.000000
4022.000000
4021.000000
4023.000000
4012.000000
4025.000000
4024.000000
4025.000000
4023.000000
4027.000000
4026.000000
4035.000000
4037.000000
4032.000000
4036.000000
4035.000000
4032.000000
4037.000000
4036.000000
4037.000000
4035.000000
4038.000000
4039.000000
4037.000000
4035.000000
4039.000000
4038.000000
4040.000000
4027.000000
4042.000000
4041.000000
4042.000000
4040.000000
4044.000000
4043.000000
4052.000000
4049.000000
4054.000000
4053.000000
4055.000000
4044.000000
4057.000000
4056.000000
4057.000000
4055.000000
4059.000000
4058.000000
4074.000000
4059.000000
4076.000000
4075.000000
4076.000000
4074.000000
4078.000000
4077.000000
4093.000000
4078.000000
4095.000000
4094.000000
4095.000000
4093.000000
4097.000000
4096.000000
4105.000000
4102.000000
4107.000000
4106.000000
4108.000000
4097.000000
4110.000000
4109.000000
4110.000000
4108.000000
4112.000000
4111.000000
4127.000000
4112.000000
4129.000000
4128.000000
4129.000000
4127.000000
4131.000000
4130.000000
4136.000000
4133.000000
4138.000000
4137.000000
4139.000000
4131.000000
4149.000000
4140.000000
4141.000000
4151.000000
4143.000000
4142.000000
4143.000000
4141.000000
4145.000000
4144.000000
4149.000000
4139.000000
4151.000000
4150.000000
4173.000000
4169.000000
4175.000000
4174.000000
4175.000000
4173.000000
4177.000000
4176.000000
4185.000000
4187.000000
4182.000000
4186.000000
4185.000000
4182.000000
4187.000000
4186.000000
4187.000000
4185.000000
4188.000000
4189.000000
4187.000000
4185.000000
4189.000000
4188.000000
4190.000000
4177.000000
4192.000000
4191.000000
4192.000000
4190.000000
4194.000000
4193.000000
4200.000000
4194.000000
4202.000000
4201.000000
4202.000000
4200.000000
4204.000000
4203.000000
4217.000000
4218.000000
4221.000000
4215.000000
4224.000000
4204.000000
4226.000000
4225.000000
4226.000000
4224.000000
4228.000000
4227.000000
4236.000000
4238.000000
4233.000000
4237.000000
4236.000000
4233.000000
4238.000000
4237.000000
4238.000000
4236.000000
4239.000000
4240.000000
4238.000000
4236.000000
4240.000000
4239.000000
4241.000000
4228.000000
4243.000000
4242.000000
4243.000000
4241.000000
4245.000000
4244.000000
4260.000000
4245.000000
4262.000000
4261.000000
4262.000000
4260.000000
4264.000000
4263.000000
4279.000000
4264.000000
4281.000000
4280.000000
4281.000000
4279.000000
4283.000000
4282.000000
4290.000000
4283.000000
4292.000000
4291.000000
4292.000000
4290.000000
4294.000000
4293.000000
4297.000000
4294.000000
4299.000000
4298.000000
4299.000000
4297.000000
4301.000000
4300.000000
4316.000000
4301.000000
4318.000000
4317.000000
4318.000000
4316.000000
4320.000000
4319.000000
4332.000000
4320.000000
4334.000000
4333.000000
4334.000000
4332.000000
4336.000000
4335.000000
4344.000000
4346.000000
4341.000000
4345.000000
4344.000000
4341.000000
4346.000000
4345.000000
4346.000000
4344.000000
4347.000000
4348.000000
4346.000000
4344.000000
4348.000000
4347.000000
4349.000000
4336.000000
4351.000000
4350.000000
4351.000000
4349.000000
4353.000000
4352.000000
4361.000000
4363.000000
4358.000000
4362.000000
4361.000000
4358.000000
4363.000000
4362.000000
4363.000000
4361.000000
4364.000000
4365.000000
4363.000000
4361.000000
4365.000000
4364.000000
4366.000000
4353.000000
4368.000000
4367.000000
4368.000000
4366.000000
4370.000000
4369.000000
4378.000000
4380.000000
4375.000000
4379.000000
4378.000000
4375.000000
4380.000000
4379.000000
4380.000000
4378.000000
4381.000000
4382.000000
4380.000000
4378.000000
4382.000000
4381.000000
4383.000000
4370.000000
4385.000000
4384.000000
4385.000000
4383.000000
4387.000000
4386.000000
4392.000000
4394.000000
4389.000000
4393.000000
4392.000000
4389.000000
4394.000000
4393.000000
4394.000000
4392.000000
4395.000000
4396.000000
4394.000000
4392.000000
4396.000000
4395.000000
4397.000000
4387.000000
4399.000000
4398.000000
4399.000000
4397.000000
4401.000000
4400.000000
4406.000000
4408.000000
4403.000000
4407.000000
4406.000000
4403.000000
4408.000000
4407.000000
4408.000000
4406.000000
4409.000000
4410.000000
4408.000000
4406.000000
4410.000000
4409.000000
4411.000000
4401.000000
4413.000000
4412.000000
4413.000000
4411.000000
4415.000000
4414.000000
4430.000000
4415.000000
4432.000000
4431.000000
4432.000000
4430.000000
4434.000000
4433.000000
4449.000000
4434.000000
4451.000000
4450.000000
4451.000000
4449.000000
4453.000000
4452.000000
4466.000000
4467.000000
4470.000000
4464.000000
4473.000000
4453.000000
4475.000000
4474.000000
4475.000000
4473.000000
4477.000000
4476.000000
4483.000000
4477.000000
4485.000000
4484.000000
4485.000000
4483.000000
4487.000000
4486.000000
4502.000000
4487.000000
4504.000000
4503.000000
4504.000000
4502.000000
4506.000000
4505.000000
4514.000000
4511.000000
4516.000000
4515.000000
4517.000000
4506.000000
4519.000000
4518.000000
4519.000000
4517.000000
4521.000000
4520.000000
4527.000000
4521.000000
4529.000000
4528.000000
4529.000000
4527.000000
4531.000000
4530.000000
4539.000000
4541.000000
4536.000000
4540.000000
4539.000000
4536.000000
4541.000000
4540.000000
4541.000000
4539.000000
4542.000000
4543.000000
4541.000000
4539.000000
4543.000000
4542.000000
4544.000000
4531.000000
4546.000000
4545.000000
4546.000000
4544.000000
4548.000000
4547.000000
4556.000000
4558.000000
4553.000000
4557.000000
4556.000000
4553.000000
4558.000000
4557.000000
4558.000000
4556.000000
4559.000000
4560.000000
4558.000000
4556.000000
4560.000000
4559.000000
4561.000000
4548.000000
4563.000000
4562.000000
4563.000000
4561.000000
4565.000000
4564.000000
4572.000000
4570.000000
4574.000000
4573.000000
4572.000000
4574.000000
4570.000000
4573.000000
4574.000000
4576.000000
4572.000000
4575.000000
4574.000000
4572.000000
4576.000000
4575.000000
4576.000000
4571.000000
4574.000000
4577.000000
4576.000000
4574.000000
4571.000000
4577.000000
4578.000000
4565.000000
4580.000000
4579.000000
4580.000000
4578.000000
4582.000000
4581.000000
4597.000000
4582.000000
4599.000000
4598.000000
4599.000000
4597.000000
4601.000000
4600.000000
4616.000000
4601.000000
4618.000000
4617.000000
4618.000000
4616.000000
4620.000000
4619.000000
4628.000000
4630.000000
4625.000000
4629.000000
4628.000000
4625.000000
4630.000000
4629.000000
4630.000000
4628.000000
4631.000000
4632.000000
4630.000000
4628.000000
4632.000000
4631.000000
4633.000000
4620.000000
4635.000000
4634.000000
4635.000000
4633.000000
4637.000000
4636.000000
4652.000000
4637.000000
4654.000000
4653.000000
4654.000000
4652.000000
4656.000000
4655.000000
4666.000000
4656.000000
4668.000000
4667.000000
4668.000000
4666.000000
4670.000000
4669.000000
4682.000000
4670.000000
4684.000000
4683.000000
4684.000000
4682.000000
4686.000000
4685.000000
4706.000000
4686.000000
4708.000000
4707.000000
4708.000000
4706.000000
4710.000000
4709.000000
4713.000000
4710.000000
4715.000000
4714.000000
4715.000000
4713.000000
4717.000000
4716.000000
4732.000000
4717.000000
4734.000000
4733.000000
4734.000000
4732.000000
4736.000000
4735.000000
4754.000000
4736.000000
4756.000000
4755.000000
4756.000000
4754.000000
4758.000000
4757.000000
4766.000000
4768.000000
4763.000000
4767.000000
4766.000000
4763.000000
4768.000000
4767.000000
4768.000000
4766.000000
4769.000000
4770.000000
4768.000000
4766.000000
4770.000000
4769.000000
4771.000000
4758.000000
4773.000000
4772.000000
4773.000000
4771.000000
4775.000000
4774.000000
4790.000000
4775.000000
4792.000000
4791.000000
4792.000000
4790.000000
4794.000000
4793.000000
4802.000000
4804.000000
4799.000000
4803.000000
4802.000000
4799.000000
4804.000000
4803.000000
4804.000000
4802.000000
4805.000000
4806.000000
4804.000000
4802.000000
4806.000000
4805.000000
4807.000000
4794.000000
4809.000000
4808.000000
4809.000000
4807.000000
4811.000000
4810.000000
4817.000000
4811.000000
4819.000000
4818.000000
4819.000000
4817.000000
4821.000000
4820.000000
4834.000000
4835.000000
4838.000000
4832.000000
4841.000000
4821.000000
4843.000000
4842.000000
4843.000000
4841.000000
4845.000000
4844.000000
4860.000000
4845.000000
4862.000000
4861.000000
4862.000000
4860.000000
4864.000000
4863.000000
4879.000000
4864.000000
4881.000000
4880.000000
4881.000000
4879.000000
4883.000000
4882.000000
4889.000000
4883.000000
4891.000000
4890.000000
4891.000000
4889.000000
4893.000000
4892.000000
4905.000000
4893.000000
4907.000000
4906.000000
4907.000000
4905.000000
4909.000000
4908.000000
4917.000000
4914.000000
4919.000000
4918.000000
4920.000000
4909.000000
4922.000000
4921.000000
4922.000000
4920.000000
4924.000000
4923.000000
4937.000000
4938.000000
4941.000000
4935.000000
4944.000000
4924.000000
4946.000000
4945.000000
4946.000000
4944.000000
4948.000000
4947.000000
4965.000000
4948.000000
4967.000000
4966.000000
4967.000000
4965.000000
4969.000000
4968.000000
4984.000000
4969.000000
4986.000000
4985.000000
4986.000000
4984.000000
4988.000000
4987.000000
5006.000000
4988.000000
5008.000000
5007.000000
5008.000000
5006.000000
5010.000000
5009.000000
5015.000000
5012.000000
5017.000000
5016.000000
5018.000000
5010.000000
5020.000000
5019.000000
5020.000000
5018.000000
5022.000000
5021.000000
5030.000000
5032.000000
5027.000000
5031.000000
5030.000000
5027.000000
5032.000000
5031.000000
5032.000000
5030.000000
5033.000000
5034.000000
5032.000000
5030.000000
5034.000000
5033.000000
5035.000000
5022.000000
5037.000000
5036.000000
5037.000000
5035.000000
5039.000000
5038.000000
5047.000000
5049.000000
5044.000000
5048.000000
5047.000000
5044.000000
5049.000000
5048.000000
5049.000000
5047.000000
5050.000000
5051.000000
5049.000000
5047.000000
5051.000000
5050.000000
5052.000000
5039.000000
5054.000000
5053.000000
5054.000000
5052.000000
5056.000000
5055.000000
5071.000000
5056.000000
5073.000000
5072.000000
5073.000000
5071.000000
5075.000000
5074.000000
5090.000000
5075.000000
5092.000000
5091.000000
5092.000000
5090.000000
5094.000000
5093.000000
5097.000000
5094.000000
5099.000000
5098.000000
5099.000000
5097.000000
5101.000000
5100.000000
5116.000000
5101.000000
5118.000000
5117.000000
5118.000000
5116.000000
5120.000000
5119.000000
5140.000000
5120.000000
5142.000000
5141.000000
5142.000000
5140.000000
5144.000000
5143.000000
5147.000000
5144.000000
5151.000000
5148.000000
5151.000000
5147.000000
5153.000000
5152.000000
5157.000000
5153.000000
5159.000000
5158.000000
5159.000000
5157.000000
5161.000000
5160.000000
5168.000000
5161.000000
5170.000000
5169.000000
5170.000000
5168.000000
5172.000000
5171.000000
5175.000000
5172.000000
5177.000000
5176.000000
5177.000000
5175.000000
5179.000000
5178.000000
5197.000000
5179.000000
5199.000000
5198.000000
5199.000000
5197.000000
5201.000000
5200.000000
5216.000000
5201.000000
5218.000000
5217.000000
5218.000000
5216.000000
5220.000000
5219.000000
5235.000000
5220.000000
5239.000000
5236.000000
5239.000000
5235.000000
5241.000000
5240.000000
5245.000000
5241.000000
5247.000000
5246.000000
5247.000000
5245.000000
5249.000000
5248.000000
5259.000000
5249.000000
5261.000000
5260.000000
5261.000000
5259.000000
5263.000000
5262.000000
5273.000000
5263.000000
5275.000000
5274.000000
5275.000000
5273.000000
5277.000000
5276.000000
5283.000000
5277.000000
5285.000000
5284.000000
5285.000000
5283.000000
5287.000000
5286.000000
5299.000000
5287.000000
5301.000000
5300.000000
5301.000000
5299.000000
5305.000000
5302.000000
5313.000000
5305.000000
5315.000000
5314.000000
5315.000000
5313.000000
5317.000000
5316.000000
5337.000000
5317.000000
5339.000000
5338.000000
5339.000000
5337.000000
5341.000000
5340.000000
5346.000000
5348.000000
5343.000000
5347.000000
5346.000000
5343.000000
5348.000000
5347.000000
5348.000000
5346.000000
5349.000000
5350.000000
5348.000000
5346.000000
5350.000000
5349.000000
5351.000000
5341.000000
5353.000000
5352.000000
5353.000000
5351.000000
5355.000000
5354.000000
5361.000000
5355.000000
5363.000000
5362.000000
5363.000000
5361.000000
5365.000000
5364.000000
5372.000000
5365.000000
5374.000000
5373.000000
5374.000000
5372.000000
5376.000000
5375.000000
5396.000000
5376.000000
5398.000000
5397.000000
5398.000000
5396.000000
5400.000000
5399.000000
5407.000000
5400.000000
5409.000000
5408.000000
5409.000000
5407.000000
5411.000000
5410.000000
5416.000000
5418.000000
5413.000000
5417.000000
5416.000000
5413.000000
5418.000000
5417.000000
5418.000000
5416.000000
5419.000000
5420.000000
5418.000000
5416.000000
5420.000000
5419.000000
5421.000000
5411.000000
5423.000000
5422.000000
5423.000000
5421.000000
5425.000000
5424.000000
5443.000000
5425.000000
5445.000000
5444.000000
5445.000000
5443.000000
5447.000000
5446.000000
5454.000000
5447.000000
5456.000000
5455.000000
5456.000000
5454.000000
5458.000000
5457.000000
5473.000000
5458.000000
5475.000000
5474.000000
5475.000000
5473.000000
5477.000000
5476.000000
5485.000000
5482.000000
5487.000000
5486.000000
5488.000000
5477.000000
5490.000000
5489.000000
5490.000000
5488.000000
5492.000000
5491.000000
5500.000000
5502.000000
5497.000000
5501.000000
5500.000000
5497.000000
5502.000000
5501.000000
5502.000000
5500.000000
5503.000000
5504.000000
5502.000000
5500.000000
5504.000000
5503.000000
5505.000000
5492.000000
5507.000000
5506.000000
5507.000000
5505.000000
5509.000000
5508.000000
5524.000000
5509.000000
5526.000000
5525.000000
5526.000000
5524.000000
5528.000000
5527.000000
5548.000000
5528.000000
5550.000000
5549.000000
5550.000000
5548.000000
5552.000000
5551.000000
5557.000000
5559.000000
5554.000000
5558.000000
5557.000000
5554.000000
5559.000000
5558.000000
5559.000000
5557.000000
5560.000000
5561.000000
5559.000000
5557.000000
5561.000000
5560.000000
5562.000000
5552.000000
5564.000000
5563.000000
5564.000000
5562.000000
5566.000000
5565.000000
5573.000000
5571.000000
5575.000000
5574.000000
5573.000000
5575.000000
5571.000000
5574.000000
5575.000000
5577.000000
5573.000000
5576.000000
5575.000000
5573.000000
5577.000000
5576.000000
5577.000000
5572.000000
5575.000000
5578.000000
5577.000000
5575.000000
5572.000000
5578.000000
5579.000000
5566.000000
5581.000000
5580.000000
5581.000000
5579.000000
5583.000000
5582.000000
5593.000000
5583.000000
5595.000000
5594.000000
5595.000000
5593.000000
5597.000000
5596.000000
5607.000000
5597.000000
5609.000000
5608.000000
5609.000000
5607.000000
5611.000000
5610.000000
5631.000000
5611.000000
5633.000000
5632.000000
5633.000000
5631.000000
5635.000000
5634.000000
5648.000000
5635.000000
5650.000000
5649.000000
5650.000000
5648.000000
5652.000000
5651.000000
5660.000000
5657.000000
5662.000000
5661.000000
5663.000000
5652.000000
5665.000000
5664.000000
5665.000000
5663.000000
5667.000000
5666.000000
5687.000000
5667.000000
5689.000000
5688.000000
5689.000000
5687.000000
5691.000000
5690.000000
5696.000000
5693.000000
5698.000000
5697.000000
5699.000000
5691.000000
5701.000000
5700.000000
5701.000000
5699.000000
5703.000000
5702.000000
5716.000000
5717.000000
5720.000000
5714.000000
5723.000000
5703.000000
5725.000000
5724.000000
5725.000000
5723.000000
5727.000000
5726.000000
5735.000000
5732.000000
5737.000000
5736.000000
5738.000000
5727.000000
5740.000000
5739.000000
5740.000000
5738.000000
5742.000000
5741.000000
5757.000000
5742.000000
5759.000000
5758.000000
5759.000000
5757.000000
5761.000000
5760.000000
5766.000000
5768.000000
5763.000000
5767.000000
5766.000000
5763.000000
5768.000000
5767.000000
5768.000000
5766.000000
5769.000000
5770.000000
5768.000000
5766.000000
5770.000000
5769.000000
5771.000000
5761.000000
5773.000000
5772.000000
5773.000000
5771.000000
5775.000000
5774.000000
5780.000000
5782.000000
5777.000000
5781.000000
5780.000000
5777.000000
5782.000000
5781.000000
5782.000000
5780.000000
5783.000000
5784.000000
5782.000000
5780.000000
5784.000000
5783.000000
5785.000000
5775.000000
5787.000000
5786.000000
5787.000000
5785.000000
5789.000000
5788.000000
5806.000000
5789.000000
5808.000000
5807.000000
5808.000000
5806.000000
5810.000000
5809.000000
5820.000000
5810.000000
5822.000000
5821.000000
5822.000000
5820.000000
5824.000000
5823.000000
5831.000000
5824.000000
5833.000000
5832.000000
5833.000000
5831.000000
5835.000000
5834.000000
5850.000000
5835.000000
5852.000000
5851.000000
5852.000000
5850.000000
5854.000000
5853.000000
5869.000000
5854.000000
5871.000000
5870.000000
5871.000000
5869.000000
5873.000000
5872.000000
5880.000000
5878.000000
5882.000000
5881.000000
5880.000000
5882.000000
5878.000000
5881.000000
5882.000000
5884.000000
5880.000000
5883.000000
5882.000000
5880.000000
5884.000000
5883.000000
5884.000000
5879.000000
5882.000000
5885.000000
5884.000000
5882.000000
5879.000000
5885.000000
5886.000000
5873.000000
5888.000000
5887.000000
5888.000000
5886.000000
5890.000000
5889.000000
5897.000000
5890.000000
5899.000000
5898.000000
5899.000000
5897.000000
5901.000000
5900.000000
5916.000000
5901.000000
5918.000000
5917.000000
5918.000000
5916.000000
5920.000000
5919.000000
5935.000000
5920.000000
5937.000000
5936.000000
5937.000000
5935.000000
5939.000000
5938.000000
5947.000000
5944.000000
5949.000000
5948.000000
5950.000000
5939.000000
5952.000000
5951.000000
5952.000000
5950.000000
5954.000000
5953.000000
5962.000000
5959.000000
5964.000000
5963.000000
5965.000000
5954.000000
5967.000000
5966.000000
5967.000000
5965.000000
5969.000000
5968.000000
5976.000000
5969.000000
5978.000000
5977.000000
5978.000000
5976.000000
5980.000000
5979.000000
5988.000000
5990.000000
5985.000000
5989.000000
5988.000000
5985.000000
5990.000000
5989.000000
5990.000000
5988.000000
5991.000000
5992.000000
5990.000000
5988.000000
5992.000000
5991.000000
5993.000000
5980.000000
5995.000000
5994.000000
5995.000000
5993.000000
5997.000000
5996.000000
6002.000000
6004.000000
5999.000000
6003.000000
6002.000000
5999.000000
6004.000000
6003.000000
6004.000000
6002.000000
6005.000000
6006.000000
6004.000000
6002.000000
6006.000000
6005.000000
6007.000000
5997.000000
6009.000000
6008.000000
6009.000000
6007.000000
6011.000000
6010.000000
6019.000000
6021.000000
6016.000000
6020.000000
6019.000000
6016.000000
6021.000000
6020.000000
6021.000000
6019.000000
6022.000000
6023.000000
6021.000000
6019.000000
6023.000000
6022.000000
6024.000000
6011.000000
6026.000000
6025.000000
6026.000000
6024.000000
6028.000000
6027.000000
6036.000000
6038.000000
6033.000000
6037.000000
6036.000000
6033.000000
6038.000000
6037.000000
6038.000000
6036.000000
6039.000000
6040.000000
6038.000000
6036.000000
6040.000000
6039.000000
6041.000000
6028.000000
6043.000000
6042.000000
6043.000000
6041.000000
6045.000000
6044.000000
6053.000000
6050.000000
6055.000000
6054.000000
6056.000000
6045.000000
6058.000000
6057.000000
6058.000000
6056.000000
6060.000000
6059.000000
6078.000000
6060.000000
6080.000000
6079.000000
6080.000000
6078.000000
6082.000000
6081.000000
6087.000000
6089.000000
6084.000000
6088.000000
6087.000000
6084.000000
6089.000000
6088.000000
6089.000000
6087.000000
6090.000000
6091.000000
6089.000000
6087.000000
6091.000000
6090.000000
6092.000000
6082.000000
6094.000000
6093.000000
6094.000000
6092.000000
6096.000000
6095.000000
6104.000000
6101.000000
6106.000000
6105.000000
6107.000000
6096.000000
6109.000000
6108.000000
6109.000000
6107.000000
6111.000000
6110.000000
6119.000000
6121.000000
6116.000000
6120.000000
6119.000000
6116.000000
6121.000000
6120.000000
6121.000000
6119.000000
6122.000000
6123.000000
6121.000000
6119.000000
6123.000000
6122.000000
6124.000000
6111.000000
6126.000000
6125.000000
6126.000000
6124.000000
6128.000000
6127.000000
6136.000000
6133.000000
6138.000000
6137.000000
6139.000000
6128.000000
6141.000000
6140.000000
6141.000000
6139.000000
6143.000000
6142.000000
6158.000000
6143.000000
6160.000000
6159.000000
6160.000000
6158.000000
6162.000000
6161.000000
6177.000000
6162.000000
6179.000000
6178.000000
6179.000000
6177.000000
6181.000000
6180.000000
6189.000000
6186.000000
6191.000000
6190.000000
6192.000000
6181.000000
6194.000000
6193.000000
6194.000000
6192.000000
6196.000000
6195.000000
6211.000000
6196.000000
6213.000000
6212.000000
6213.000000
6211.000000
6215.000000
6214.000000
6220.000000
6217.000000
6222.000000
6221.000000
6223.000000
6215.000000
6233.000000
6224.000000
6225.000000
6235.000000
6227.000000
6226.000000
6227.000000
6225.000000
6229.000000
6228.000000
6233.000000
6223.000000
6235.000000
6234.000000