110.16425323486328
121.18363189697266
117.5844955444336
120.01016235351563
110.17228698730469
121.29623413085938
117.44424438476563
119.99698638916016
110.28541564941406
121.31949615478516
117.37942504882813
120.09387969970703
110.1958236694336
121.23802947998047
117.49268341064453
120.00341033935547
110.36349487304688
121.27007293701172
117.41852569580078
120.00420379638672
110.26438903808594
120.81043243408203
115.13098907470703
120.98896026611328
110.40678405761719
121.28984069824219
117.4603042602539
119.9571533203125
110.35887145996094
121.2112045288086
117.55219268798828
120.08475494384766
110.33570098876953
121.19205474853516
117.58772277832031
119.967529296875
109.4071273803711
121.24386596679688
117.5906982421875
119.94495391845703
110.42359161376953
121.39875793457031
117.36994934082031
119.96196746826172
110.2188949584961
121.21637725830078
117.43157196044922
119.9696044921875
110.29888153076172
121.23725891113281
117.5078353881836
120.03043365478516
110.21063232421875
121.24616241455078
117.52278137207031
119.93580627441406
110.12005615234375
121.26271057128906
117.52387237548828
119.99246215820313
109.69853973388672
121.23723602294922
117.62433624267578
119.9465103149414
110.16381072998047
121.24958801269531
117.4749755859375
120.06025695800781
110.20446014404297
121.27039337158203
117.51375579833984
120.05278778076172
110.02751922607422
121.10882568359375
117.74029541015625
119.88452911376953
110.5979995727539
121.2689208984375
117.42606353759766
120.14591217041016
110.05591583251953
121.23545837402344
117.55079650878906
119.94742584228516
110.67948913574219
121.38866424560547
117.2933578491211
120.33717346191406
110.03897857666016
121.29590606689453
117.55628967285156
119.97474670410156
110.44054412841797
121.20367431640625
117.44459533691406
120.03943634033203
110.10147857666016
121.21821594238281
117.47880554199219
119.9185562133789
110.32557678222656
121.32410430908203
117.43403625488281
120.01973724365234
110.35250091552734
120.73383331298828
115.20304870605469
120.88275909423828
110.43685913085938
121.23521423339844
117.47622680664063
119.96278381347656
110.1150131225586
121.22686767578125
117.47190856933594
120.06717681884766
110.19161987304688
121.27125549316406
117.47223663330078
120.01118469238281
109.90724182128906
121.2388916015625
117.49449920654297
119.938232421875
109.48957061767578
121.22555541992188
117.53543853759766
120.05604553222656
110.1972427368164
121.35979461669922
117.37586212158203
119.87721252441406
110.16067504882813
121.26591491699219
117.56651306152344
119.97887420654297
110.21817779541016
121.18436431884766
117.5571060180664
120.0902099609375
110.09545135498047
121.22515106201172
117.65792846679688
119.84912109375
109.9125747680664
121.29741668701172
117.38819885253906
119.99244689941406
109.54939270019531
121.21124267578125
117.5099105834961
120.11114501953125
110.04443359375
120.6348648071289
115.45875549316406
120.87139892578125
110.38525390625
121.26879119873047
117.52605438232422
119.95967864990234
109.98841857910156
121.17728424072266
117.59481048583984
120.0981216430664
110.07378387451172
121.32416534423828
117.40921020507813
120.15602111816406
110.26427459716797
121.32251739501953
117.35276794433594
119.97161865234375
110.0489501953125
120.75775146484375
115.16452026367188
120.87118530273438
110.14078521728516
121.3517074584961
117.36097717285156
120.04378509521484
110.09235382080078
121.30685424804688
117.40968322753906
120.06846618652344
110.02613830566406
121.20767211914063
117.49554443359375
119.9085464477539
110.33740234375
121.31321716308594
117.3776626586914
120.0960693359375
110.30545806884766
121.23933410644531
117.45751190185547
119.98810577392578
109.98692321777344
121.20164489746094
117.5551986694336
119.92335510253906
110.2891616821289
121.21829223632813
117.46354675292969
119.95582580566406
110.12474060058594
121.28923797607422
117.46446990966797
120.2369155883789
109.9233169555664
121.60199737548828
116.87586975097656
120.34697723388672
110.16346740722656
121.29000091552734
117.4465560913086
120.0047378540039
110.55528259277344
121.29835510253906
117.30563354492188
120.23007202148438
109.80829620361328
121.2122802734375
117.71045684814453
119.8808364868164
110.5356674194336
121.30320739746094
117.3991928100586
120.13764953613281
109.90727996826172
121.25528717041016
117.62110900878906
119.84349822998047
110.31914520263672
121.31884002685547
117.48519897460938
119.99424743652344
110.13987731933594
121.28451538085938
117.43878173828125
120.05598449707031
110.46407318115234
121.25407409667969
117.46283721923828
120.33553314208984
110.53543090820313
121.31538391113281
117.34221649169922
120.08029174804688
110.11048889160156
121.27264404296875
117.41863250732422
120.45982360839844
111.2765884399414
121.5833511352539
116.87858581542969
120.44190216064453
110.03697967529297
121.32609558105469
117.36470794677734
120.03533172607422
109.29780578613281
121.27102661132813
117.3004379272461
120.09455108642578
110.26307678222656
121.22286224365234
117.5331039428711
120.03712463378906
110.19347381591797
121.22634887695313
117.6168441772461
119.89915466308594
109.69834899902344
121.29203796386719
117.38755798339844
120.05371856689453
110.04418182373047
121.31092071533203
117.46575164794922
120.06556701660156
110.1064682006836
121.273193359375
117.40141296386719
119.97254943847656
110.21318817138672
121.2951431274414
117.460693359375
120.04779815673828
110.04879760742188
121.24864196777344
117.55699157714844
119.9835205078125
110.23770904541016
121.20894622802734
117.50985717773438
119.9102783203125
110.28126525878906
121.29393768310547
117.42363739013672
120.12238311767578
110.36771392822266
121.3331069946289
117.44624328613281
119.95751190185547
110.40667724609375
121.1569595336914
117.63652801513672
119.89785766601563
110.0531234741211
121.26212310791016
117.57434844970703
119.96051788330078
110.27251434326172
121.23685455322266
117.47605895996094
120.02560424804688
110.045654296875
121.17350769042969
117.58116149902344
119.91256713867188
110.36189270019531
121.19927978515625
117.4898910522461
120.0207748413086
110.2475357055664
121.30268096923828
117.37236785888672
120.04463958740234
110.0769271850586
121.14859771728516
117.59517669677734
119.8458480834961
110.4052963256836
121.28343200683594
117.39063262939453
119.96566772460938
110.04806518554688
121.20938110351563
117.46002197265625
120.04576110839844
110.01429748535156
121.297607421875
117.41960144042969
119.97169494628906
110.25750732421875
121.26383209228516
117.43132019042969
120.00916290283203
110.25157928466797
121.22402954101563
117.43169403076172
120.09474182128906
110.19248962402344
117.96761322021484
