105.0987548828125
109.3895263671875
109.57970428466797
109.47113800048828
109.47896575927734
109.52625274658203
109.42774200439453
109.35523223876953
109.56763458251953
0
0
0
109.3470230102539
109.4122314453125
109.59326934814453
109.41893005371094
0
0
0
0
0
0
0
0
0
0
105.07312774658203
109.39303588867188
109.52445983886719
0
0
0
109.47150421142578
109.3968276977539
109.5086898803711
0
0
0
109.50514221191406
118.02261352539063
117.94510650634766
0
0
0
0
0
0
0
0
0
0
0
104.87555694580078
109.6103286743164
109.4198226928711
37.73383331298828
60.27322006225586
32.202789306640625
52.531986236572266
35.092777252197266
40.449501037597656
0
0
0
20.788862228393555
0
0
0
0
0
0
0
0
0
0
0
0
0
105.10588073730469
109.381103515625
109.4547348022461
0
0
0
109.54377746582031
109.32064056396484
109.43283081054688
0
0
0
109.44960021972656
118.05416107177734
117.99512481689453
0
0
0
0
0
0
0
0
0
0
0
105.0318374633789
109.44810485839844
109.46043395996094
0
0
0
109.5020980834961
109.46896362304688
109.44092559814453
0
0
0
109.52738189697266
109.44879150390625
109.50032806396484
109.46661376953125
110.26219177246094
110.48429107666016
104.95664978027344
109.51171875
109.4796371459961
0
0
109.31980895996094
0
0
103.5765151977539
105.01081085205078
107.10054779052734
0
0
0
0
0
0
0
0
0
0
0
0
0
0
0
0
0
0
0
0
0
0
0
104.88650512695313
109.35497283935547
142.03038024902344
0
0
0
99.08453369140625
36.446346282958984
47.593746185302734
71.66522979736328
58.3531494140625
45.03339385986328
54.87112808227539
58.96881103515625
88.50786590576172
12.240911483764648
0
0
0
0
0
0
0
0
0
0
104.85296630859375
109.60624694824219
91.01944732666016
124.72310638427734
91.21852111816406
29.991226196289063
59.97848892211914
120.04275512695313
38.186344146728516
40.99791717529297
51.385494232177734
32.04096221923828
66.12982940673828
24.67821502685547
86.43286895751953
0
0
0
0
0
0
0
0
0
0
0
23.214618682861328
0
0
0
0
0
0
0
0
0
0
0
0
0
0
0
0
0
0
0
0
0
0
0
0
0
104.97132110595703
109.0291976928711
109.49525451660156
34.48307800292969
60.47774887084961
35.09101867675781
50.36787796020508
18.785295486450195
3.6348965167999268
0
0
0
17.56647491455078
0
0
0
0
0
0
0
0
0
0
0
0
0
105.126708984375
109.5105972290039
109.46797180175781
0
0
0
109.47261810302734
109.47053527832031
109.43707275390625
0
0
0
109.57568359375
118.02936553955078
118.05758666992188
0
0
0
0
0
0
0
0
0
0
0
105.0476303100586
109.54942321777344
109.39141082763672
40.478397369384766
59.58731460571289
29.979686737060547
44.353946685791016
18.921003341674805
12.78052806854248
0
0
0
29.71059799194336
0
0
0
0
0
0
0
0
0
0
0
0
0
104.98072052001953
109.61919403076172
83.22613525390625
134.9038543701172
91.19770050048828
29.98999786376953
59.962581634521484
47.04068374633789
36.471412658691406
76.7774658203125
44.92787170410156
49.722633361816406
37.46619415283203
86.6068115234375
0
0
0
0
0
0
0
0
0
0
0
0
105.18869018554688
109.46559143066406
109.5445327758789
27.116260528564453
57.58032989501953
44.81534194946289
47.32804489135742
47.741607666015625
41.801536560058594
0
0
0
33.80672073364258
0
0
0
0
0
0
0
0
0
0
0
0
0
23.176387786865234
0
0
0
0
0
0
0
0
0
0
0
0
0
0
0
0
0
0
0
0
0
0
0
0
0
105.1214599609375
109.47312927246094
109.50775909423828
0
0
0
109.3868408203125
109.44860076904297
109.47554016113281
0
0
0
109.52454376220703
118.00711822509766
118.03228759765625
0
0
0
0
0
0
0
0
0
0
0
104.84468078613281
109.29261779785156
109.7288818359375
16.910816192626953
0
0
28.08504867553711
15.834817886352539
20.310688018798828
0
0
0
61.607421875
0
0
0
0
0
0
0
0
0
0
0
0
0
105.08203125
59.28677749633789
28.094209671020508
0
0
0
109.47236633300781
0
0
0
0
0
0
0
0
0
0
0
0
0
0
0
0
0
0
0
104.9075698852539
109.47823333740234
135.23651123046875
102.27787017822266
29.853290557861328
36.53255844116211
144.3478546142578
25.53993797302246
42.838626861572266
108.46481323242188
60.02524948120117
0
0
0
0
0
0
0
0
0
0
0
0
0
0
0
105.06816101074219
109.44232177734375
100.00607299804688
114.17304229736328
91.21854400634766
30.00973892211914
60.00748062133789
79.17440795898438
47.17331314086914
70.12861633300781
43.283287048339844
59.79068374633789
36.55403518676758
86.66719818115234
0
0
0
0
0
0
0
0
0
0
0
0
104.96800231933594
109.45896911621094
109.49468231201172
0
0
0
109.46376037597656
109.40013885498047
109.49529266357422
0
0
0
109.51715850830078
118.05284881591797
118.0311279296875
0
0
0
0
0
0
0
0
0
0
0
105.09638214111328
109.453857421875
109.48081970214844
109.44982147216797
109.39312744140625
109.50695037841797
109.43186950683594
109.39302825927734
109.50304412841797
0
0
0
109.52632141113281
109.44383239746094
109.50070190429688
109.49344635009766
0
0
0
0
0
0
0
0
0
0
105.01289367675781
109.41392517089844
109.4642562866211
0
0
0
109.51795959472656
109.48065948486328
109.59244537353516
0
0
0
109.47332763671875
118.05170440673828
118.00199890136719
0
0
0
0
0
0
0
0
0
0
0
104.99397277832031
109.52519226074219
143.8756561279297
0
0
0
85.26905059814453
46.80870056152344
50.69611740112305
75.50837707519531
69.0240249633789
40.65397644042969
48.93986511230469
47.832054138183594
57.216529846191406
12.425553321838379
0
0
0
0
0
0
0
0
0
0
104.97994232177734
109.24091339111328
51.91870880126953
0
0
0
28.111907958984375
19.382732391357422
0
0
0
0
0
0
0
0
0
0
0
0
0
0
0
0
0
0
104.74842071533203
109.3822021484375
109.48413848876953
0
0
0
109.46639251708984
109.55257415771484
109.46829223632813
0
0
0
109.60387420654297
117.98992156982422
118.05474090576172
0
0
0
0
0
0
0
0
0
0
0
103.57814025878906
105.095458984375
107.29187774658203
0
0
0
0
0
0
0
0
0
0
0
0
0
0
0
0
0
0
0
0
0
0
0
105.05485534667969
109.34835052490234
109.40945434570313
0
0
0
109.53707885742188
118.03497314453125
118.03903198242188
0
0
0
0
0
0
0
0
0
0
0
0
0
0
0
0
0
105.11531066894531
109.38427734375
109.61312103271484
25.85328483581543
55.89753341674805
47.29182434082031
38.96305847167969
30.604629516601563
29.21967887878418
0
0
0
12.921066284179688
0
0
0
0
0
0
0
0
0
0
0
0
0
105.0628662109375
109.38951110839844
134.2907257080078
102.29437255859375
29.8017635345459
36.538211822509766
133.81967163085938
96.76419830322266
54.76683807373047
66.40147399902344
88.01300811767578
0
0
0
0
0
0
0
0
0
0
0
0
0
0
0
23.16900062561035
0
0
0
0
0
0
0
0
0
0
0
0
0
0
0
0
0
0
0
0
0
0
0
0
0
104.98374938964844
109.37739562988281
139.6421661376953
0
0
0
160.4305419921875
97.91227722167969
21.219539642333984
0
0
0
20.093952178955078
26.91206169128418
0
39.94381332397461
67.23190307617188
40.847434997558594
0
0
0
0
0
0
0
0
105.07342529296875
109.62663269042969
95.84004974365234
120.18976593017578
98.21006774902344
38.34965515136719
9.081448554992676
46.110145568847656
105.98274230957031
120.12275695800781
71.88826751708984
62.62413024902344
62.026283264160156
115.64985656738281
118.13098907470703
94.21269226074219
35.155738830566406
81.11170959472656
0
0
0
0
0
0
0
0
104.97712707519531
109.36392211914063
109.46375274658203
0
0
0
109.77215576171875
109.41258239746094
109.53376007080078
0
0
0
109.36615753173828
109.44544982910156
109.56980895996094
109.47002410888672
110.29632568359375
110.5013656616211
104.8584213256836
109.39554595947266
109.48326110839844
0
0
109.53826904296875
0
0
105.14531707763672
109.58409118652344
138.0745849609375
0
0
0
105.99205780029297
33.86011505126953
45.59561538696289
68.87109375
53.7480354309082
45.440155029296875
58.089866638183594
64.08010864257813
92.95931243896484
21.235109329223633
0
0
0
0
0
0
0
0
0
0
105.13227081298828
109.40239715576172
109.48554992675781
0
0
0
109.48961639404297
109.48063659667969
109.5732192993164
0
0
0
109.5158920288086
109.48821258544922
109.36695098876953
109.74586486816406
110.26693725585938
110.37382507324219
105.15123748779297
109.58403778076172
109.52519989013672
0
0
109.43416595458984
0
0
23.181161880493164
0
0
0
0
0
0
0
0
0
0
0
0
0
0
0
0
0
0
0
0
0
0
0
0
0
104.98573303222656
109.78394317626953
109.49708557128906
0
0
0
89.43638610839844
84.7604751586914
17.817794799804688
0
0
0
43.27173614501953
86.02911376953125
0
58.78581619262695
43.13457489013672
78.43379974365234
0
0
0
0
0
0
0
0
103.67337036132813
105.0099868774414
107.2104263305664
0
0
0
0
0
0
0
0
0
0
0
0
0
0
0
0
0
0
0
0
0
0
0
105.07762145996094
109.62236022949219
139.6569366455078
0
0
0
103.79784393310547
66.38861846923828
26.539201736450195
56.130279541015625
35.6207389831543
31.761425018310547
51.067344665527344
52.9247932434082
81.55931091308594
14.761434555053711
0
0
0
0
0
0
0
0
0
0
105.00690460205078
109.41653442382813
109.50716400146484
34.521968841552734
0
0
28.13304901123047
20.804718017578125
21.933605194091797
0
0
0
61.63010025024414
0
0
0
0
0
0
0
0
0
0
0
0
0
105.05394744873047
58.924530029296875
28.109180450439453
0
0
0
109.45511627197266
0
0
0
0
0
0
0
0
0
0
0
0
0
0
0
0
0
0
0
104.97254943847656
109.38670349121094
50.87244415283203
0
0
0
28.098072052001953
13.828733444213867
0
0
0
0
0
0
0
0
0
0
0
0
0
0
0
0
0
0
103.47937774658203
105.0284652709961
107.158935546875
0
0
0
0
0
0
0
0
0
0
0
0
0
0
0
0
0
0
0
0
0
0
0
105.10327911376953
109.30047607421875
109.50912475585938
0
0
0
109.55751037597656
118.02974700927734
118.0229263305664
0
0
0
0
0
0
0
0
0
0
0
0
0
0
0
0
0
105.03285217285156
109.45368957519531
109.49626159667969
0
0
0
109.40179443359375
107.92069244384766
0
0
0
0
0
0
0
0
0
0
0
0
0
0
0
0
0
0
104.75575256347656
109.37229919433594
109.63311767578125
0
0
0
109.49280548095703
109.41475677490234
109.50554656982422
0
0
0
109.55013275146484
117.97218322753906
117.9926528930664
0
0
0
0
0
0
0
0
0
0
0
105.00472259521484
109.39520263671875
109.622314453125
109.44349670410156
109.48067474365234
109.47445678710938
109.3897705078125
109.46910095214844
109.49358367919922
0
0
0
109.51864624023438
109.4378433227539
109.53376007080078
109.53426361083984
0
0
0
0
0
0
0
0
0
0
105.07711791992188
109.43302917480469
109.5759048461914
109.47611999511719
109.45011138916016
109.47882080078125
109.46961975097656
109.35269165039063
109.51922607421875
0
0
0
109.47325134277344
109.44673156738281
109.49444580078125
109.43939208984375
0
0
0
0
0
0
0
0
0
0
104.9247817993164
109.50580596923828
109.53990173339844
0
0
0
109.49476623535156
109.47767639160156
109.43357849121094
0
0
0
109.53803253173828
118.05513763427734
117.91824340820313
0
0
0
0
0
0
0
0
0
0
0
105.0234375
109.41851806640625
109.52824401855469
0
0
0
109.49681854248047
118.02009582519531
118.0260009765625
0
0
0
0
0
0
0
0
0
0
0
0
0
0
0
0
0
23.216102600097656
0
0
0
0
0
0
0
0
0
0
0
0
0
0
0
0
0
0
0
0
0
0
0
0
0
104.6751708984375
109.52960968017578
109.4670639038086
0
0
0
109.41658020019531
109.37712097167969
109.50382995605469
0
0
0
109.58484649658203
109.4013442993164
109.62762451171875
109.48909759521484
110.2247085571289
110.40933227539063
104.92933654785156
109.52880859375
109.43304443359375
0
0
109.40299987792969
0
0
104.68093872070313
109.47001647949219
109.45174407958984
0
0
0
109.49781799316406
109.43933868408203
109.57426452636719
0
0
0
109.36376190185547
109.48344421386719
109.43301391601563
109.44828796386719
110.28449249267578
110.4295654296875
104.89693450927734
109.46143341064453
109.4874038696289
0
0
109.45182037353516
0
0
105.19964599609375
109.5768051147461
96.12504577636719
112.77249908447266
29.801076889038086
36.55778503417969
138.339111328125
64.29704284667969
43.244503021240234
118.9701919555664
110.52037811279297
0
0
0
0
0
0
0
0
0
0
0
0
0
0
0
104.96178436279297
109.48003387451172
109.60040283203125
109.47772216796875
109.43209075927734
109.48348236083984
109.46646881103516
109.48314666748047
109.4639892578125
0
0
0
109.56221771240234
109.44490814208984
109.48371887207031
109.47260284423828
0
0
0
0
0
0
0
0
0
0
105.02950286865234
109.57803344726563
104.23535919189453
0
0
0
139.439208984375
16.973108291625977
23.071313858032227
43.22454833984375
36.42442321777344
26.673160552978516
47.64103698730469
46.2567253112793
64.7675552368164
17.511985778808594
0
0
0
0
0
0
0
0
0
0
104.87281036376953
109.52842712402344
109.63967895507813
109.41124725341797
109.4676513671875
109.4264144897461
109.32264709472656
109.44530487060547
109.47427368164063
0
0
0
109.57765197753906
109.45548248291016
109.45325469970703
109.51488494873047
0
0
0
0
0
0
0
0
0
0
105.04529571533203
109.41218566894531
139.6140899658203
0
0
0
103.2933349609375
19.564666748046875
46.5623893737793
71.05946350097656
53.780757904052734
47.576759338378906
48.48960876464844
47.19426345825195
58.87751007080078
11.824349403381348
0
0
0
0
0
0
0
0
0
0
104.7915267944336
109.37974548339844
109.01605987548828
108.56651306152344
29.877777099609375
36.52688217163086
159.77566528320313
67.24403381347656
57.8001823425293
124.89179992675781
117.87332916259766
0
0
0
0
0
0
0
0
0
0
0
0
0
0
0
105.07149505615234
109.53922271728516
85.97803497314453
0
0
0
133.67648315429688
20.9697208404541
0
0
0
0
15.957000732421875
36.97990798950195
34.786643981933594
0
0
0
0
0
0
0
0
0
0
0
105.1261215209961
109.37501525878906
109.5589370727539
0
0
0
109.4241714477539
108.04914855957031
0
0
0
0
0
0
0
0
0
0
0
0
0
0
0
0
0
0
104.4571762084961
108.34342193603516
121.12805938720703
0
0
0
141.5206756591797
81.91641998291016
30.46478271484375
0
0
0
25.665464401245117
34.797725677490234
0
52.2069091796875
76.37720489501953
38.10396957397461
0
0
0
0
0
0
0
0
104.52177429199219
109.6368408203125
98.7237319946289
0
0
0
142.7779998779297
13.027560234069824
28.26585578918457
45.72608184814453
40.353797912597656
26.611467361450195
51.250858306884766
50.97473907470703
52.36268615722656
16.33800506591797
0
0
0
0
0
0
0
0
0
0
23.222139358520508
0
0
0
0
0
0
0
0
0
0
0
0
0
0
0
0
0
0
0
0
0
0
0
0
0
104.71807861328125
108.97418975830078
140.96067810058594
0
0
0
124.04170989990234
28.168935775756836
25.59534454345703
0
0
0
12.78100299835205
0
0
69.21930694580078
82.71315002441406
50.67615509033203
78.9041976928711
0
0
0
0
0
0
0
105.11779022216797
109.39613342285156
109.59185028076172
18.523805618286133
0
0
28.12637710571289
15.567373275756836
31.115602493286133
0
0
0
59.609474182128906
0
0
0
0
0
0
0
0
0
0
0
0
0
23.210721969604492
0
0
0
0
0
0
0
0
0
0
0
0
0
0
0
0
0
0
0
0
0
0
0
0
0
105.18192291259766
109.41410827636719
109.49353790283203
0
0
0
109.683837890625
109.41621398925781
109.51673889160156
0
0
0
109.50930786132813
117.95531463623047
118.03199005126953
0
0
0
0
0
0
0
0
0
0
0
104.87682342529297
109.53488159179688
109.31535339355469
36.49949264526367
60.38026809692383
33.21193313598633
58.262699127197266
30.20811653137207
46.28947448730469
0
0
0
27.984439849853516
0
0
0
0
0
0
0
0
0
0
0
0
0
105.00556182861328
109.27549743652344
57.45528793334961
0
0
0
28.13623809814453
25.85757064819336
0
0
0
0
0
0
0
0
0
0
0
0
0
0
0
0
0
0
105.03118896484375
109.43848419189453
92.09318542480469
123.11327362060547
91.2208480834961
30.025390625
60.02521514892578
60.0106086730957
39.58794403076172
71.3000259399414
41.75898742675781
55.9571418762207
37.77177810668945
86.48072052001953
0
0
0
0
0
0
0
0
0
0
0
0
105.05265808105469
109.53361511230469
139.17286682128906
0
0
0
160.01162719726563
97.4316635131836
16.370986938476563
0
0
0
18.14785385131836
38.6466178894043
0
27.527498245239258
44.47524642944336
56.489585876464844
0
0
0
0
0
0
0
0
104.96217346191406
43.27043151855469
28.082183837890625
0
0
0
109.41918182373047
0
0
0
0
0
0
0
0
0
0
0
0
0
0
0
0
0
0
0
105.06241607666016
43.20467758178711
28.09831428527832
0
0
0
109.40961456298828
0
0
0
0
0
0
0
0
0
0
0
0
0
0
0
0
0
0
0
104.92312622070313
109.5456314086914
90.7479019165039
0
0
0
126.99744415283203
32.198692321777344
0
0
0
0
20.485179901123047
43.92786407470703
35.78045654296875
0
0
0
0
0
0
0
0
0
0
0
105.075927734375
58.8139762878418
28.093231201171875
0
0
0
109.49129486083984
0
0
0
0
0
0
0
0
0
0
0
0
0
0
0
0
0
0
0
104.99711608886719
109.46253967285156
109.49757385253906
0
0
0
109.52127838134766
109.39066314697266
109.52770233154297
0
0
0
109.49436950683594
109.40851593017578
109.52900695800781
109.52456665039063
110.2330322265625
110.42398834228516
104.955322265625
109.55103302001953
109.49690246582031
0
0
109.4458999633789
0
0
104.995361328125
109.2843246459961
55.55765914916992
0
0
0
28.101430892944336
25.568605422973633
0
0
0
0
0
0
0
0
0
0
0
0
0
0
0
0
0
0
104.9094009399414
42.217647552490234
28.1041202545166
0
0
0
109.3730697631836
0
0
0
0
0
0
0
0
0
0
0
0
0
0
0
0
0
0
0
104.9752197265625
56.89289474487305
28.101573944091797
0
0
0
109.52860260009766
0
0
0
0
0
0
0
0
0
0
0
0
0
0
0
0
0
0
0
105.06958770751953
109.40282440185547
83.50008392333984
0
0
0
136.95257568359375
24.066740036010742
0
0
0
0
32.386322021484375
45.9997444152832
47.23099136352539
0
0
0
0
0
0
0
0
0
0
0
104.99639129638672
109.44622802734375
93.79505920410156
0
0
0
144.2483673095703
14.683431625366211
22.910921096801758
38.979759216308594
38.826168060302734
29.170881271362305
53.27076721191406
56.54307174682617
85.93695068359375
18.396156311035156
0
0
0
0
0
0
0
0
0
0
105.19182586669922
109.33865356445313
109.44827270507813
0
0
0
109.58516693115234
109.4079818725586
109.53302001953125
0
0
0
109.41230773925781
109.42369079589844
109.47063446044922
109.57855987548828
110.24259185791016
110.45111083984375
104.9266128540039
109.54517364501953
109.44315338134766
0
0
109.56317138671875
0
0
104.88844299316406
109.61788177490234
109.33411407470703
40.41376876831055
59.41048049926758
29.819725036621094
57.57872009277344
45.90386962890625
29.92859649658203
0
0
0
27.84108543395996
0
0
0
0
0
0
0
0
0
0
0
0
0
104.93878936767578
109.48139953613281
109.57454681396484
0
0
0
109.46985626220703
109.45112609863281
109.53253936767578
0
0
0
109.45438385009766
109.46878814697266
109.48052215576172
109.5018310546875
110.21883392333984
110.4959716796875
104.9697494506836
109.42259979248047
109.55826568603516
0
0
109.48377990722656
0
0
104.98973846435547
109.33377838134766
109.4858169555664
0
0
0
109.64613342285156
109.4327621459961
109.5630111694336
0
0
0
109.51740264892578
117.93879699707031
118.02913665771484
0
0
0
0
0
0
0
0
0
0
0
