1.4906282424926758
1.5310730934143066
1.216847538948059
1.3042852878570557
1.4907881021499634
1.5304592847824097
1.2143300771713257
1.3049066066741943
1.4901771545410156
1.531264066696167
1.2155383825302124
1.3048073053359985
1.4913139343261719
1.532528281211853
1.2149572372436523
1.3069041967391968
1.4931955337524414
1.5289974212646484
1.2159647941589355
1.3032989501953125
1.4898808002471924
1.5297530889511108
1.2135369777679443
1.3043380975723267
1.4826468229293823
1.5306031703948975
1.2145740985870361
1.3050556182861328
1.4901814460754395
1.5322304964065552
1.214896321296692
1.3050134181976318
1.4919445514678955
1.5317540168762207
1.2146974802017212
1.304367184638977
1.4913464784622192
1.5302881002426147
1.2152470350265503
1.3047860860824585
1.491016149520874
1.5314704179763794
1.2145522832870483
1.3058284521102905
1.4913920164108276
1.5320149660110474
1.2144947052001953
1.305160641670227
1.4916592836380005
1.5308321714401245
1.2156261205673218
1.3060293197631836
1.4919683933258057
1.5322949886322021
1.2141159772872925
1.305848240852356
1.4927432537078857
1.5306636095046997
1.215728998184204
1.305908441543579
1.4899394512176514
1.5291461944580078
1.214438796043396
1.3052318096160889
1.4911961555480957
1.5324499607086182
1.214962363243103
1.3032227754592896
1.4912893772125244
1.5313267707824707
1.2153373956680298
1.306267261505127
1.4912340641021729
1.5311022996902466
1.2150017023086548
1.3037621974945068
1.4917994737625122
1.5324245691299438
1.21475350856781
1.3048431873321533
1.4911811351776123
1.531907081604004
1.213880181312561
1.3052254915237427
1.4928741455078125
1.5314570665359497
1.2157179117202759
1.3051546812057495
1.4917305707931519
1.5303449630737305
1.2140634059906006
1.3056896924972534
1.491272211074829
1.5319361686706543
1.215309977531433
1.3032379150390625
1.4920241832733154
1.5324503183364868
1.2157118320465088
1.3033068180084229
1.491220235824585
1.529700517654419
1.2151851654052734
1.3036293983459473
1.4903889894485474
1.5311646461486816
1.2151485681533813
1.3053516149520874
1.4830306768417358
1.5313750505447388
1.2146477699279785
1.3042242527008057
1.4908826351165771
1.5315642356872559
1.2162052392959595
1.3051414489746094
1.491797924041748
1.5313010215759277
1.215272068977356
1.3034896850585938
1.491655945777893
1.5304145812988281
1.2155227661132813
1.305255651473999
1.4895734786987305
1.5272753238677979
1.2148075103759766
1.3042473793029785
1.4909632205963135
1.5309158563613892
1.214176893234253
1.3046801090240479
1.4908767938613892
1.5302420854568481
1.2151148319244385
1.3063334226608276
1.4916067123413086
1.5317916870117188
1.215703010559082
1.3058487176895142
1.4921568632125854
1.530395269393921
1.2156859636306763
1.305229902267456
1.4916990995407104
1.5306955575942993
1.2147612571716309
1.3064104318618774
1.4894325733184814
1.530043601989746
1.2150073051452637
1.3054369688034058
1.492836356163025
1.5327246189117432
1.2147059440612793
1.3079272508621216
1.483302354812622
1.529884696006775
1.215413212776184
1.3026375770568848
1.4890332221984863
1.531434416770935
1.2150599956512451
1.3042339086532593
1.4902338981628418
1.5313358306884766
1.2146649360656738
1.305253267288208
1.490796446800232
1.5299553871154785
1.2142971754074097
1.3039233684539795
1.489597201347351
1.5297839641571045
1.2145107984542847
1.3045196533203125
1.4815280437469482
1.5302425622940063
1.2142407894134521
1.304867148399353
1.4903920888900757
1.5318764448165894
1.2141554355621338
1.3060811758041382
1.4917809963226318
1.5305427312850952
1.2145028114318848
1.3042314052581787
1.4907934665679932
1.532296061515808
1.2136791944503784
1.3066606521606445
1.4931855201721191
1.53053617477417
1.214901089668274
1.3045191764831543
1.4909995794296265
1.5302727222442627
1.215399980545044
1.304779052734375
1.492802619934082
1.5310195684432983
1.2144107818603516
1.3064384460449219
1.4913029670715332
1.5323765277862549
1.2155464887619019
1.3067187070846558
1.4901716709136963
1.5271456241607666
1.2158777713775635
1.2997926473617554
1.490096092224121
1.5307897329330444
1.2164307832717896
1.3050698041915894
1.4902702569961548
1.5314431190490723
1.214579463005066
1.305667519569397
1.4922490119934082
1.5308693647384644
1.214685320854187
1.3070863485336304
1.4907459020614624
1.5318779945373535
1.214806079864502
1.305158019065857
1.4918315410614014
1.529736042022705
1.215366005897522
1.3040908575057983
1.492161512374878
1.5312520265579224
1.2141746282577515
1.3046847581863403
1.4910351037979126
1.5315366983413696
1.2153985500335693
1.3044185638427734
1.4900716543197632
1.5334075689315796
1.215187668800354
1.306317687034607
1.492922067642212
1.5303623676300049
1.215271234512329
1.3050035238265991
1.4918880462646484
1.531187653541565
1.2147024869918823
1.3037140369415283
1.482162356376648
1.5267754793167114
1.2153007984161377
1.3050062656402588
1.4880260229110718
1.5321661233901978
1.2152141332626343
1.307352900505066
1.4914463758468628
1.5284007787704468
1.2150938510894775
1.3046609163284302
1.4861551523208618
1.531555414199829
1.2161448001861572
1.3067468404769897
1.4918195009231567
1.5305325984954834
1.2146724462509155
1.3047459125518799
1.489266276359558
1.5300703048706055
1.215368390083313
1.3050084114074707
1.4916250705718994
1.5291197299957275
1.2159252166748047
1.3041092157363892
1.4890351295471191
1.5316100120544434
1.2149156332015991
1.3037948608398438
1.4911983013153076
1.529194951057434
1.215678334236145
1.3053959608078003
1.4909858703613281
1.5313687324523926
1.2144997119903564
1.3046355247497559
1.4914430379867554
1.5305454730987549
1.215330719947815
1.3042917251586914
1.4913688898086548
1.5308722257614136
1.2149085998535156
1.3054198026657104
1.4924328327178955
1.5309816598892212
1.2147271633148193
1.3055622577667236
1.4927723407745361
1.5317182540893555
1.2146435976028442
1.3053251504898071
1.490909457206726
1.5320587158203125
1.2142558097839355
1.3053919076919556
1.4923206567764282
1.530739426612854
1.2145586013793945
1.3040093183517456
1.4909225702285767
1.532509684562683
1.2150213718414307
1.3046863079071045
1.4912668466567993
1.5316672325134277
1.2156399488449097
1.3049523830413818
1.4919170141220093
1.5308473110198975
1.215322732925415
1.304405927658081
1.4909641742706299
1.5312122106552124
1.2147245407104492
1.3046801090240479
1.49040687084198
1.5311046838760376
1.2144566774368286
1.3037188053131104
1.4915771484375
1.5306615829467773
1.2164478302001953
1.3027244806289673
1.4906367063522339
1.532116413116455
1.21390962600708
1.3058438301086426
1.4915027618408203
1.5323140621185303
1.2151470184326172
1.3050837516784668
1.4914175271987915
1.5316723585128784
1.2143495082855225
1.3053385019302368
1.4926739931106567
1.5316450595855713
1.2201212644577026
