1.5282284021377563
1.0803745985031128
1.5294045209884644
1.0807934999465942
1.0810859203338623
1.0793044567108154
1.5315730571746826
1.0804673433303833
1.0785537958145142
0
0
0
1.5306562185287476
1.0805212259292603
1.0792165994644165
1.0800354480743408
0
0
0
0
0
0
0
0
0
0
1.5289580821990967
1.081168293952942
1.0801469087600708
0
0
0
1.5299432277679443
1.0804919004440308
1.078385829925537
0
0
0
1.5303750038146973
1.2195079326629639
1.2204087972640991
0
0
0
0
0
0
0
0
0
0
0
1.529618740081787
1.5297187566757202
1.531746745109558
3.1420974731445313
2.44382381439209
3.280651092529297
2.7098276615142822
3.6963069438934326
3.297466278076172
0
0
0
1.0793044567108154
0
0
0
0
0
0
0
0
0
0
0
0
0
1.5296202898025513
1.0806808471679688
1.0794748067855835
0
0
0
1.5291895866394043
1.0810660123825073
1.0796525478363037
0
0
0
1.5288835763931274
1.2191362380981445
1.2202996015548706
0
0
0
0
0
0
0
0
0
0
0
1.528315544128418
1.0804729461669922
1.0805394649505615
0
0
0
1.5279768705368042
1.0802913904190063
1.0789785385131836
0
0
0
1.5298863649368286
1.081508994102478
1.0797659158706665
1.5304715633392334
1.0815565586090088
1.0784993171691895
1.4899613857269287
1.0386443138122559
1.039011001586914
0
0
1.040629267692566
0
0
1.5260769128799438
1.4956859350204468
1.5076637268066406
0
0
0
0
0
0
0
0
0
0
0
0
0
0
0
0
0
0
0
0
0
0
0
1.5294328927993774
1.529350996017456
2.498028516769409
0
0
0
2.498504638671875
4.026130676269531
2.7913777828216553
3.036397933959961
2.4814860820770264
2.819631338119507
2.9426848888397217
1.7645105123519897
1.7646645307540894
3.7577786445617676
0
0
0
0
0
0
0
0
0
0
1.5295100212097168
1.5096793174743652
2.5201632976531982
2.5204522609710693
2.800293207168579
2.425769090652466
1.3999278545379639
1.3801356554031372
6.406022071838379
2.978156805038452
2.9691734313964844
5.608347415924072
4.960276126861572
2.3300821781158447
3.754706621170044
0
0
0
0
0
0
0
0
0
0
0
2.1544036865234375
0
0
0
0
0
0
0
0
0
0
0
0
0
0
0
0
0
0
0
0
0
0
0
0
0
1.5247464179992676
1.5241172313690186
1.52999746799469
3.2144012451171875
2.430115222930908
3.2033162117004395
2.7807374000549316
4.5838303565979
4.913636684417725
0
0
0
1.0793044567108154
0
0
0
0
0
0
0
0
0
0
0
0
0
1.5300058126449585
1.0800955295562744
1.0801763534545898
0
0
0
1.529412031173706
1.080587387084961
1.0794237852096558
0
0
0
1.5288251638412476
1.2205544710159302
1.2202317714691162
0
0
0
0
0
0
0
0
0
0
0
1.528762936592102
1.5302586555480957
1.529831886291504
3.067974090576172
2.468822479248047
3.330862522125244
2.9644219875335693
4.7238874435424805
4.933829307556152
0
0
0
1.0793044567108154
0
0
0
0
0
0
0
0
0
0
0
0
0
1.5285451412200928
1.5088139772415161
2.51983380317688
2.5211009979248047
2.8002660274505615
2.4245407581329346
1.3998610973358154
6.310005187988281
4.52407693862915
2.887951612472534
4.373501777648926
4.959492206573486
2.4891321659088135
3.651311159133911
0
0
0
0
0
0
0
0
0
0
0
0
1.5283830165863037
1.5317243337631226
1.5294888019561768
3.393930196762085
2.5389742851257324
2.9428892135620117
2.8762032985687256
2.210132360458374
3.1095824241638184
0
0
0
1.0793044567108154
0
0
0
0
0
0
0
0
0
0
0
0
0
2.153327703475952
0
0
0
0
0
0
0
0
0
0
0
0
0
0
0
0
0
0
0
0
0
0
0
0
0
1.5287132263183594
1.0800725221633911
1.0797955989837646
0
0
0
1.5305092334747314
1.0807149410247803
1.0781527757644653
0
0
0
1.5308592319488525
1.2212491035461426
1.2196241617202759
0
0
0
0
0
0
0
0
0
0
0
1.5306639671325684
1.422044277191162
1.529306173324585
4.323590278625488
0
0
2.1528003215789795
2.9771058559417725
3.815917491912842
0
0
0
2.0335068702697754
0
0
0
0
0
0
0
0
0
0
0
0
0
1.529454231262207
2.4884378910064697
2.1520328521728516
0
0
0
1.0802087783813477
0
0
0
0
0
0
0
0
0
0
0
0
0
0
0
0
0
0
0
1.528843641281128
1.5036948919296265
2.531212091445923
3.7416045665740967
1.3911043405532837
2.1673436164855957
4.7418694496154785
2.9933314323425293
2.4861557483673096
1.7648378610610962
3.0942556858062744
0
0
0
0
0
0
0
0
0
0
0
0
0
0
0
1.5294133424758911
1.510238528251648
2.5209860801696777
2.5212674140930176
2.8012046813964844
2.42582631111145
1.4008146524429321
5.605193138122559
4.867347240447998
3.033806800842285
4.2188615798950195
4.96056604385376
3.5857582092285156
2.5834290981292725
0
0
0
0
0
0
0
0
0
0
0
0
1.528927206993103
1.0803978443145752
1.0800138711929321
0
0
0
1.5296621322631836
1.0804264545440674
1.0788518190383911
0
0
0
1.5292105674743652
1.220764398574829
1.22117018699646
0
0
0
0
0
0
0
0
0
0
0
1.5285789966583252
1.0795505046844482
1.530303716659546
1.0797131061553955
1.079607605934143
1.0791149139404297
1.5311436653137207
1.080840826034546
1.0798858404159546
0
0
0
1.5297898054122925
1.0802853107452393
1.0797594785690308
1.0795539617538452
0
0
0
0
0
0
0
0
0
0
1.5281814336776733
1.0798999071121216
1.079696536064148
0
0
0
1.5305418968200684
1.0800230503082275
1.0791115760803223
0
0
0
1.5307340621948242
1.219498634338379
1.220167875289917
0
0
0
0
0
0
0
0
0
0
0
1.5285764932632446
1.527590036392212
2.496772527694702
0
0
0
2.4951071739196777
3.5655808448791504
2.5297183990478516
3.033327579498291
2.419456720352173
3.300144672393799
3.4164483547210693
1.763603687286377
1.7636750936508179
4.126340866088867
0
0
0
0
0
0
0
0
0
0
1.5273343324661255
1.4196960926055908
2.7296650409698486
0
0
0
2.1500532627105713
2.834960460662842
0
0
0
0
0
0
0
0
0
0
0
0
0
0
0
0
0
0
1.5283604860305786
1.079664945602417
1.0805814266204834
0
0
0
1.5286376476287842
1.0805665254592896
1.079686164855957
0
0
0
1.529100775718689
1.2214925289154053
1.2195580005645752
0
0
0
0
0
0
0
0
0
0
0
1.5256258249282837
1.4961353540420532
1.5086829662322998
0
0
0
0
0
0
0
0
0
0
0
0
0
0
0
0
0
0
0
0
0
0
0
1.5301963090896606
1.0804513692855835
1.0800312757492065
0
0
0
1.5287142992019653
1.221426248550415
1.2201813459396362
0
0
0
0
0
0
0
0
0
0
0
0
0
0
0
0
0
1.527901291847229
1.5304522514343262
1.5307856798171997
3.4177305698394775
2.5912792682647705
2.867947578430176
3.118534803390503
4.129570484161377
4.235077857971191
0
0
0
1.0791149139404297
0
0
0
0
0
0
0
0
0
0
0
0
0
1.5280373096466064
1.5035722255706787
2.5299432277679443
3.740194797515869
1.3909915685653687
2.1654765605926514
2.478257179260254
2.928213357925415
3.8768069744110107
1.7632328271865845
2.6563878059387207
0
0
0
0
0
0
0
0
0
0
0
0
0
0
0
2.1556503772735596
0
0
0
0
0
0
0
0
0
0
0
0
0
0
0
0
0
0
0
0
0
0
0
0
0
1.529330849647522
1.5298341512680054
2.4999351501464844
0
0
0
2.709542989730835
2.1820693016052246
5.340293884277344
0
0
0
4.484289169311523
2.705047130584717
0
2.976961135864258
2.326375722885132
2.998231887817383
0
0
0
0
0
0
0
0
1.524250864982605
1.4813469648361206
2.5117790699005127
2.6207468509674072
2.202122211456299
1.3827846050262451
3.5200212001800537
2.807978630065918
1.4043821096420288
1.4063975811004639
6.774047374725342
2.928220272064209
2.413645029067993
1.7438883781433105
3.7444980144500732
4.969783782958984
5.016979694366455
2.5909383296966553
0
0
0
0
0
0
0
0
1.5298917293548584
1.0809073448181152
1.0797641277313232
0
0
0
1.530814290046692
1.080446720123291
1.0785149335861206
0
0
0
1.5321769714355469
1.0818740129470825
1.078761339187622
1.5308592319488525
1.0809757709503174
1.0781733989715576
1.4911692142486572
1.0417768955230713
1.0388046503067017
0
0
1.0392870903015137
0
0
1.5286678075790405
1.5304957628250122
2.4985101222991943
0
0
0
2.499270439147949
4.110239505767822
2.9482221603393555
3.029218912124634
2.5611047744750977
2.522097587585449
2.8444526195526123
1.7623707056045532
1.763816475868225
2.97646427154541
0
0
0
0
0
0
0
0
0
0
1.529055118560791
1.0806916952133179
1.079052209854126
0
0
0
1.5320947170257568
1.0800302028656006
1.0795649290084839
0
0
0
1.5293563604354858
1.0803111791610718
1.0808686017990112
1.5306134223937988
1.0803496837615967
1.078682780265808
1.4899145364761353
1.0394465923309326
1.0394037961959839
0
0
1.0406383275985718
0
0
2.1536548137664795
0
0
0
0
0
0
0
0
0
0
0
0
0
0
0
0
0
0
0
0
0
0
0
0
0
1.5282727479934692
1.5305153131484985
2.4992849826812744
0
0
0
2.947722911834717
2.1824004650115967
5.329967498779297
0
0
0
2.888981342315674
2.941007614135742
0
2.77122163772583
2.9670755863189697
2.7079877853393555
0
0
0
0
0
0
0
0
1.5250842571258545
1.495859146118164
1.5086129903793335
0
0
0
0
0
0
0
0
0
0
0
0
0
0
0
0
0
0
0
0
0
0
0
1.5282683372497559
1.528984785079956
2.498140335083008
0
0
0
2.497765064239502
1.9162852764129639
4.074075222015381
2.5308146476745605
2.4239320755004883
3.5929112434387207
3.085871696472168
1.7633533477783203
1.7634356021881104
3.725487232208252
0
0
0
0
0
0
0
0
0
0
1.529013991355896
1.4206510782241821
1.5289911031723022
4.184349060058594
0
0
2.15067458152771
2.7736520767211914
3.7658305168151855
0
0
0
2.0320818424224854
0
0
0
0
0
0
0
0
0
0
0
0
0
1.5267573595046997
2.4994168281555176
2.149968385696411
0
0
0
1.0797677040100098
0
0
0
0
0
0
0
0
0
0
0
0
0
0
0
0
0
0
0
1.5297558307647705
1.4220597743988037
2.76345157623291
0
0
0
2.1527364253997803
3.0372314453125
0
0
0
0
0
0
0
0
0
0
0
0
0
0
0
0
0
0
1.5267072916030884
1.495534896850586
1.506838083267212
0
0
0
0
0
0
0
0
0
0
0
0
0
0
0
0
0
0
0
0
0
0
0
1.5291022062301636
1.0807154178619385
1.0781137943267822
0
0
0
1.5302329063415527
1.219268560409546
1.2214102745056152
0
0
0
0
0
0
0
0
0
0
0
0
0
0
0
0
0
1.5281721353530884
1.0812889337539673
1.0793490409851074
0
0
0
1.810004711151123
0.9598072171211243
0
0
0
0
0
0
0
0
0
0
0
0
0
0
0
0
0
0
1.528432011604309
1.0813758373260498
1.0785517692565918
0
0
0
1.529094934463501
1.081018090248108
1.0802396535873413
0
0
0
1.5296413898468018
1.219385027885437
1.2205547094345093
0
0
0
0
0
0
0
0
0
0
0
1.528041958808899
1.0801554918289185
1.530138373374939
1.0805118083953857
1.0795938968658447
1.0809564590454102
1.528709888458252
1.0804392099380493
1.0795116424560547
0
0
0
1.5309405326843262
1.079962134361267
1.079850673675537
1.0802078247070313
0
0
0
0
0
0
0
0
0
0
1.5284658670425415
1.0807650089263916
1.5297280550003052
1.0795994997024536
1.080039381980896
1.0797303915023804
1.530937671661377
1.0812721252441406
1.0792710781097412
0
0
0
1.5310133695602417
1.0807081460952759
1.0789810419082642
1.0799739360809326
0
0
0
0
0
0
0
0
0
0
1.5287588834762573
1.0799764394760132
1.0807396173477173
0
0
0
1.5302975177764893
1.079512357711792
1.0807697772979736
0
0
0
1.5304770469665527
1.2191166877746582
1.2194414138793945
0
0
0
0
0
0
0
0
0
0
0
1.5309392213821411
1.0813055038452148
1.0802373886108398
0
0
0
1.529447317123413
1.2195119857788086
1.2209854125976563
0
0
0
0
0
0
0
0
0
0
0
0
0
0
0
0
0
2.150576114654541
0
0
0
0
0
0
0
0
0
0
0
0
0
0
0
0
0
0
0
0
0
0
0
0
0
1.5292210578918457
1.0811870098114014
1.080288290977478
0
0
0
1.5299900770187378
1.0806081295013428
1.078911304473877
0
0
0
1.5295395851135254
1.080318808555603
1.0788116455078125
1.5313528776168823
1.0813493728637695
1.0789852142333984
1.4896936416625977
1.0384137630462646
1.039651870727539
0
0
1.0405490398406982
0
0
1.5293232202529907
1.0807303190231323
1.0796451568603516
0
0
0
1.526551604270935
1.0798237323760986
1.0799903869628906
0
0
0
1.5278277397155762
1.0809133052825928
1.0801490545272827
1.5279146432876587
1.0810459852218628
1.078813910484314
1.4890422821044922
1.03947913646698
1.03968346118927
0
0
1.0395190715789795
0
0
1.5289623737335205
1.5042943954467773
2.5319161415100098
3.7429869174957275
1.3908164501190186
2.16569185256958
4.024609565734863
2.9940602779388428
2.564866304397583
1.7632663249969482
2.8333094120025635
0
0
0
0
0
0
0
0
0
0
0
0
0
0
0
1.5275839567184448
1.0814779996871948
1.531252384185791
1.0797061920166016
1.0796412229537964
1.0804039239883423
1.5294690132141113
1.0806686878204346
1.079296588897705
0
0
0
1.5302842855453491
1.079689860343933
1.0800728797912598
1.0807632207870483
0
0
0
0
0
0
0
0
0
0
1.5291191339492798
1.530253529548645
2.499717950820923
0
0
0
2.4970314502716064
4.916882038116455
4.215925693511963
2.4735162258148193
3.038947820663452
2.748197078704834
3.3442981243133545
1.7638137340545654
1.7640568017959595
3.581537961959839
0
0
0
0
0
0
0
0
0
0
1.5282437801361084
1.0795376300811768
1.5305148363113403
1.0793415307998657
1.079607605934143
1.0798484086990356
1.5312392711639404
1.0806509256362915
1.0800575017929077
0
0
0
1.529268741607666
1.0800384283065796
1.0805318355560303
1.0799952745437622
0
0
0
0
0
0
0
0
0
0
1.528428077697754
1.529283881187439
2.49881649017334
0
0
0
2.4971377849578857
4.7131147384643555
2.8740458488464355
2.965731143951416
2.724966287612915
2.280211925506592
3.403797149658203
1.7642197608947754
1.763604760169983
4.156132221221924
0
0
0
0
0
0
0
0
0
0
1.5291255712509155
1.5072369575500488
2.5330710411071777
3.747037172317505
1.39150071144104
2.166602849960327
3.3289806842803955
2.9758944511413574
2.217128038406372
1.7631703615188599
2.5665552616119385
0
0
0
0
0
0
0
0
0
0
0
0
0
0
0
1.5282360315322876
1.5305547714233398
2.3900444507598877
0
0
0
2.4491002559661865
4.749674320220947
0
0
0
0
4.395666122436523
2.258725166320801
2.893725872039795
0
0
0
0
0
0
0
0
0
0
0
1.5277032852172852
1.0783259868621826
1.0799190998077393
0
0
0
1.8095803260803223
0.959632396697998
0
0
0
0
0
0
0
0
0
0
0
0
0
0
0
0
0
0
1.526049017906189
1.5186879634857178
2.495626449584961
0
0
0
2.9978389739990234
2.184108257293701
4.4943108558654785
0
0
0
4.408819675445557
2.773667573928833
0
2.9277634620666504
2.2441296577453613
2.8292200565338135
0
0
0
0
0
0
0
0
1.528954029083252
1.528975248336792
2.496206760406494
0
0
0
2.494838237762451
4.824166297912598
3.9962143898010254
2.733177661895752
2.9617950916290283
2.3821475505828857
3.4349801540374756
1.7629520893096924
1.7636796236038208
3.7752442359924316
0
0
0
0
0
0
0
0
0
0
2.155017614364624
0
0
0
0
0
0
0
0
0
0
0
0
0
0
0
0
0
0
0
0
0
0
0
0
0
1.5279258489608765
1.528762698173523
2.7346904277801514
0
0
0
4.118646144866943
5.184064865112305
4.9177751541137695
0
0
0
4.599405765533447
0
0
1.766677975654602
2.650986909866333
2.991414785385132
4.520568370819092
0
0
0
0
0
0
0
1.5297914743423462
1.4199285507202148
1.5295400619506836
3.8666324615478516
0
0
2.1511270999908447
2.98467755317688
3.434786796569824
0
0
0
2.166512966156006
0
0
0
0
0
0
0
0
0
0
0
0
0
2.1550521850585938
0
0
0
0
0
0
0
0
0
0
0
0
0
0
0
0
0
0
0
0
0
0
0
0
0
1.5285120010375977
1.081980586051941
1.0788160562515259
0
0
0
1.5305325984954834
1.079433560371399
1.079318642616272
0
0
0
1.529893398284912
1.2200558185577393
1.2195936441421509
0
0
0
0
0
0
0
0
0
0
0
1.527368187904358
1.5285905599594116
1.5308001041412354
3.1741881370544434
2.4397568702697754
3.255434513092041
2.520827054977417
3.9114999771118164
2.8771979808807373
0
0
0
2.166512966156006
0
0
0
0
0
0
0
0
0
0
0
0
0
1.527631163597107
1.422927975654602
2.550339937210083
0
0
0
2.149017095565796
2.462697982788086
0
0
0
0
0
0
0
0
0
0
0
0
0
0
0
0
0
0
1.5288363695144653
1.5093951225280762
2.520634174346924
2.5201337337493896
2.7995100021362305
2.424847364425659
1.4003891944885254
6.765044689178467
4.9593329429626465
2.4725663661956787
4.521315574645996
4.960371017456055
2.3258209228515625
3.758152961730957
0
0
0
0
0
0
0
0
0
0
0
0
1.5281651020050049
1.5296716690063477
2.498271942138672
0
0
0
2.716428518295288
2.181920051574707
5.286942958831787
0
0
0
4.557543754577637
2.847882032394409
0
2.8743786811828613
2.6520397663116455
2.994731903076172
0
0
0
0
0
0
0
0
1.5297799110412598
2.9964048862457275
2.1516153812408447
0
0
0
1.0797119140625
0
0
0
0
0
0
0
0
0
0
0
0
0
0
0
0
0
0
0
1.5285224914550781
2.9996304512023926
2.1504077911376953
0
0
0
1.080269455909729
0
0
0
0
0
0
0
0
0
0
0
0
0
0
0
0
0
0
0
1.5291593074798584
1.5290801525115967
2.3896045684814453
0
0
0
2.447923421859741
4.448980808258057
0
0
0
0
4.2647318840026855
2.2977752685546875
2.973287343978882
0
0
0
0
0
0
0
0
0
0
0
1.5290145874023438
2.505565643310547
2.150003433227539
0
0
0
1.0800719261169434
0
0
0
0
0
0
0
0
0
0
0
0
0
0
0
0
0
0
0
1.5285534858703613
1.0801955461502075
1.0792168378829956
0
0
0
1.530662178993225
1.081170916557312
1.0797561407089233
0
0
0
1.5298802852630615
1.0819734334945679
1.0786418914794922
1.5294883251190186
1.0811915397644043
1.0793752670288086
1.488529920578003
1.0385738611221313
1.0402776002883911
0
0
1.0404478311538696
0
0
1.5278090238571167
1.4208734035491943
2.613037109375
0
0
0
2.1511099338531494
2.488961935043335
0
0
0
0
0
0
0
0
0
0
0
0
0
0
0
0
0
0
1.5303927659988403
3.027921199798584
2.1510274410247803
0
0
0
1.0805041790008545
0
0
0
0
0
0
0
0
0
0
0
0
0
0
0
0
0
0
0
1.528839111328125
2.5691800117492676
2.1518633365631104
0
0
0
1.0788557529449463
0
0
0
0
0
0
0
0
0
0
0
0
0
0
0
0
0
0
0
1.5279303789138794
1.529282569885254
2.388362407684326
0
0
0
2.449550151824951
4.715724468231201
0
0
0
0
3.770214080810547
2.942965507507324
2.7561652660369873
0
0
0
0
0
0
0
0
0
0
0
1.528714895248413
1.529511570930481
2.498002290725708
0
0
0
2.4977071285247803
5.175248622894287
4.218850135803223
2.4283530712127686
3.033384323120117
3.05810284614563
2.999976873397827
1.7636569738388062
1.7636818885803223
3.3660998344421387
0
0
0
0
0
0
0
0
0
0
1.5293794870376587
1.0800342559814453
1.079040765762329
0
0
0
1.5295466184616089
1.08061683177948
1.078867793083191
0
0
0
1.5306015014648438
1.0804558992385864
1.0797748565673828
1.5303717851638794
1.0822851657867432
1.0790786743164063
1.4883804321289063
1.0390161275863647
1.040529489517212
0
0
1.0401254892349243
0
0
1.5286731719970703
1.5298875570297241
1.5307180881500244
3.0695102214813232
2.4731271266937256
3.337036609649658
2.5454368591308594
2.8975167274475098
3.938549518585205
0
0
0
2.166512966156006
0
0
0
0
0
0
0
0
0
0
0
0
0
1.5277125835418701
1.0811443328857422
1.0803208351135254
0
0
0
1.5302133560180664
1.080407977104187
1.0796244144439697
0
0
0
1.5299732685089111
1.0801209211349487
1.079308271408081
1.5302737951278687
1.0825835466384888
1.0791932344436646
1.4885733127593994
1.0406064987182617
1.0391762256622314
0
0
1.039277195930481
0
0
1.5290838479995728
1.0807260274887085
1.0792940855026245
0
0
0
1.5290244817733765
1.0817511081695557
1.0787036418914795
0
0
0
1.5301148891448975
1.2196260690689087
1.2201416492462158
0
0
0
0
0
0
0
0
0
0
0
