-70.6932144165039
109.40448760986328
179.94381713867188
-122.29346466064453
2.218351125717163
-177.7195587158203
179.9978485107422
-132.92230224609375
18.795543670654297
-161.3288116455078
-179.90802001953125
-122.67083740234375
-88.30703735351563
91.42201232910156
-179.836181640625
-56.246273040771484
145.7830047607422
-34.53288269042969
-179.73959350585938
-130.81866455078125
-66.17962646484375
113.75596618652344
179.90493774414063
-72.54949188232422
4.289847373962402
-176.0079803466797
-179.8368377685547
-86.34571838378906
10.886446952819824
-169.336181640625
-179.81959533691406
-146.98619079589844
-52.20050811767578
127.9346694946289
179.8863525390625
-64.95803833007813
-52.04618835449219
127.76300811767578
-179.82171630859375
-132.50363159179688
-28.37883949279785
151.60134887695313
179.93862915039063
-104.0282974243164
-18.833702087402344
161.08290100097656
-179.93943786621094
-156.135986328125
-33.362152099609375
146.64181518554688
179.99916076660156
-97.90188598632813
-104.87771606445313
74.88465118408203
-179.84283447265625
22.147266387939453
-73.06488037109375
107.02672576904297
179.88790893554688
118.51268768310547
141.4093017578125
-38.688621520996094
-179.96734619140625
-59.66187286376953
31.852886199951172
-148.3555908203125
-179.96441650390625
-147.00265502929688
-62.664066314697266
117.23419952392578
-179.94039916992188
-80.24633026123047
-17.867233276367188
161.97244262695313
-179.8585205078125
-137.9189453125
-48.294246673583984
131.86807250976563
179.80377197265625
-136.62062072753906
-62.953041076660156
116.78697967529297
-179.67201232910156
-113.12499237060547
-20.983551025390625
159.18370056152344
179.8509521484375
-169.736083984375
-60.29562759399414
119.49775695800781
-179.8710479736328
-97.68358612060547
-36.59938049316406
143.46095275878906
179.9416961669922
-105.34443664550781
33.87629318237305
-146.2575225830078
-179.92356872558594
-125.468505859375
144.75210571289063
-35.50925064086914
-179.68154907226563
-123.75177001953125
-43.67070388793945
136.34107971191406
179.98805236816406
-73.63804626464844
6.063504219055176
-173.93942260742188
-179.98731994628906
65.89974212646484
-92.4251480102539
87.44969177246094
-179.9646759033203
-178.60484313964844
-0.6100286245346069
179.5220184326172
179.83985900878906
-164.02127075195313
-85.14167022705078
94.91278839111328
-179.92982482910156
-86.26911163330078
21.227521896362305
-158.8790283203125
-179.9546356201172
-158.69566345214844
-53.44750213623047
126.62955474853516
179.8988494873047
-79.89533996582031
-21.538124084472656
158.40115356445313
-179.9294891357422
-159.4320068359375
-52.32853317260742
127.63097381591797
-179.9812469482422
-54.39651870727539
18.002504348754883
-162.11065673828125
-179.95481872558594
-17.032625198364258
151.14698791503906
-28.774391174316406
179.95774841308594
152.85081481933594
-146.17901611328125
33.955299377441406
179.93215942382813
-118.02838134765625
-66.17214965820313
113.8908462524414
179.88494873046875
-73.32955932617188
-92.09848022460938
87.92935180664063
-179.99380493164063
-70.11565399169922
50.75786209106445
-129.0823516845703
179.82315063476563
-167.9818115234375
-67.9901351928711
111.98751068115234
-179.86441040039063
-37.24208068847656
-70.2166519165039
109.93193054199219
179.789306640625
-129.60464477539063
36.8197135925293
-143.07150268554688
179.7727508544922
-73.13687896728516
156.58877563476563
-23.193254470825195
179.87405395507813
-106.5835952758789
-173.63612365722656
6.482670783996582
179.9510955810547
-126.90605163574219
-55.75478744506836
124.1353530883789
-179.88134765625
-119.99041748046875
-92.30709838867188
87.7431869506836
-179.9396514892578
-99.04794311523438
-65.41234588623047
114.8809585571289
179.7754364013672
-123.06685638427734
-75.90288543701172
103.88065338134766
-179.83241271972656
-127.03253936767578
-45.66395950317383
134.5253143310547
179.78758239746094
-106.42829895019531
-153.998046875
26.24359703063965
179.73934936523438
85.61279296875
68.1521224975586
-111.97189331054688
-179.915771484375
-26.498367309570313
168.83456420898438
-11.349359512329102
-179.82061767578125
-148.2779083251953
-25.70201301574707
154.7466278076172
179.6554412841797
-137.28929138183594
-57.711029052734375
122.00077056884766
-179.61082458496094
-129.1796417236328
-47.38505935668945
132.99293518066406
179.64390563964844
-110.2890396118164
-26.645957946777344
153.23870849609375
-179.9000244140625
-147.47967529296875
-93.81929779052734
86.20947265625
179.9972381591797
-85.36251068115234
-44.47694778442383
135.36795043945313
-179.81765747070313
-98.15116119384766
14.792116165161133
-165.47572326660156
-179.66957092285156
-14.54777717590332
-100.36262512207031
79.91144561767578
179.72438049316406
-76.1495132446289
-45.14196014404297
134.3486785888672
-179.496337890625
-75.79492950439453
6.873181343078613
-173.14614868164063
-179.92233276367188
-76.64026641845703
146.48158264160156
-33.27227783203125
179.8373565673828
-52.92390823364258
128.12060546875
-51.67768859863281
179.82345581054688
-36.443565368652344
179.82156372070313
-0.04701245576143265
179.9051055908203
-65.36009979248047
-99.94140625
80.1983871459961
-179.94142150878906
-161.8616943359375
39.93108367919922
-139.90206909179688
179.9403076171875
-129.43577575683594
-34.056880950927734
145.95315551757813
-179.98805236816406
-90.97997283935547
-85.72782897949219
94.06047821044922
-179.8671417236328
-96.4306869506836
-69.47145080566406
110.47454071044922
179.95057678222656
-85.84661865234375
-28.24750328063965
151.6927947998047
-179.95578002929688
-132.59585571289063
-48.2730598449707
131.79995727539063
179.9772186279297
-160.87939453125
-48.21376037597656
131.83047485351563
179.9087677001953
39.31573486328125
80.29633331298828
-99.95307922363281
-179.71563720703125
-122.6730728149414
-177.8831329345703
2.2361714839935303
179.94012451171875
-85.02216339111328
-22.04505729675293
157.97589111328125
-179.89418029785156
-159.9137725830078
-67.5963134765625
112.51115417480469
179.86715698242188
-107.43669128417969
-6.447582244873047
173.3868408203125
-179.9071502685547
-165.29620361328125
-79.8293228149414
100.18104553222656
-179.9260711669922
-100.185791015625
5.247305870056152
-174.59910583496094
179.868408203125
-116.74929809570313
-46.98200988769531
132.73350524902344
-179.80682373046875
-138.64932250976563
-48.75437545776367
131.4353485107422
179.7575225830078
-131.43800354003906
-49.38887023925781
130.580810546875
-179.90545654296875
-95.94471740722656
-67.58667755126953
112.27201080322266
-179.81939697265625
-97.78980255126953
-35.28144454956055
144.71957397460938
-179.9825897216797
-81.531494140625
-0.811682939529419
179.27647399902344
179.99440002441406
-84.43623352050781
36.78886032104492
