-119.04967498779297
128.22645568847656
-111.76301574707031
-52.76237487792969
67.13139343261719
-172.83184814453125
8.217655181884766
-56.42843246459961
63.71681213378906
0
0
0
-176.352783203125
-38.51251983642578
81.48590087890625
-158.39315795898438
0
0
0
0
0
0
0
0
0
0
-119.23246002197266
27.082813262939453
147.04269409179688
0
0
0
-92.96359252929688
-64.92221069335938
55.05927276611328
0
0
0
175.0852813720703
-5.085882663726807
175.04273986816406
0
0
0
0
0
0
0
0
0
0
0
-119.12721252441406
164.74485778808594
-75.36731719970703
-90.21534729003906
-124.84407806396484
-146.49827575683594
20.338855743408203
-74.52215576171875
-121.09756469726563
0
0
0
-113.73015594482422
0
0
0
0
0
0
0
0
0
0
0
0
0
-118.96023559570313
81.0191650390625
-159.00538635253906
0
0
0
-39.077598571777344
38.019290924072266
158.0143280029297
0
0
0
-82.1182632446289
-86.46166229248047
93.61151123046875
0
0
0
0
0
0
0
0
0
0
0
-119.08589935302734
-30.969818115234375
89.01065826416016
0
0
0
-151.16421508789063
-102.8206787109375
17.204544067382813
0
0
0
137.07745361328125
-41.0947380065918
78.98799896240234
-161.13551330566406
-72.93988800048828
49.551795959472656
168.06752014160156
-54.47993850708008
65.51766204833984
0
0
-174.56427001953125
0
0
-118.89276123046875
24.562755584716797
-29.328855514526367
0
0
0
0
0
0
0
0
0
0
0
0
0
0
0
0
0
0
0
0
0
0
0
-119.18901824951172
-59.99496078491211
-43.20741271972656
0
0
0
-94.86864471435547
59.993228912353516
-11.499444961547852
6.45037317276001
-30.156177520751953
61.10630416870117
170.19589233398438
-139.54965209960938
-84.17699432373047
28.74881935119629
0
0
0
0
0
0
0
0
0
0
-119.03380584716797
-95.69937133789063
-73.21427154541016
-123.3561019897461
65.44454956054688
-179.9679718017578
179.98175048828125
179.98190307617188
1.2180984020233154
109.37146759033203
44.250389099121094
-178.64822387695313
0.3508434295654297
-174.29652404785156
3.058279514312744
0
0
0
0
0
0
0
0
0
0
0
-42.46820068359375
0
0
0
0
0
0
0
0
0
0
0
0
0
0
0
0
0
0
0
0
0
0
0
0
0
-119.02595520019531
78.41676330566406
-161.93853759765625
-90.72615814208984
-118.83866882324219
-148.27828979492188
22.037565231323242
-22.874713897705078
-147.21734619140625
0
0
0
52.741275787353516
0
0
0
0
0
0
0
0
0
0
0
0
0
-119.07293701171875
83.38360595703125
-156.53048706054688
0
0
0
-36.7426643371582
-63.136024475097656
56.80842971801758
0
0
0
176.70770263671875
25.07710838317871
-154.9982147216797
0
0
0
0
0
0
0
0
0
0
0
-119.19711303710938
39.05561828613281
158.92332458496094
-89.81877899169922
-129.11233520507813
-143.43389892578125
24.080949783325195
29.819107055664063
110.46886444091797
0
0
0
77.82755279541016
0
0
0
0
0
0
0
0
0
0
0
0
0
-118.90846252441406
-114.2004165649414
-102.5280532836914
-130.65625
33.72355651855469
179.99595642089844
-179.97491455078125
-14.82306957244873
21.0562801361084
-120.79427337646484
-157.0175018310547
6.298943996429443
-178.8802947998047
-11.95838451385498
0
0
0
0
0
0
0
0
0
0
0
0
-119.12520599365234
174.9620361328125
-65.12480163574219
-103.2509536743164
-104.5374755859375
-149.28851318359375
-23.476016998291016
-120.6751480102539
-168.51231384277344
0
0
0
-125.4347152709961
0
0
0
0
0
0
0
0
0
0
0
0
0
31.371532440185547
0
0
0
0
0
0
0
0
0
0
0
0
0
0
0
0
0
0
0
0
0
0
0
0
0
-119.24860382080078
10.813179016113281
130.98681640625
0
0
0
-109.23151397705078
-85.72905731201172
34.311012268066406
0
0
0
154.20162963867188
-89.6504135131836
90.4960708618164
0
0
0
0
0
0
0
0
0
0
0
-119.1369400024414
-23.671159744262695
-143.81747436523438
21.18330955505371
0
0
-118.73269653320313
-45.944435119628906
98.73991394042969
0
0
0
-163.26815795898438
0
0
0
0
0
0
0
0
0
0
0
0
0
-119.01730346679688
7.508729934692383
-119.02586364746094
0
0
0
21.845388412475586
0
0
0
0
0
0
0
0
0
0
0
0
0
0
0
0
0
0
0
-119.15670776367188
-105.61228942871094
-93.57501983642578
-108.11653900146484
-17.753435134887695
0.09573730826377869
46.178035736083984
160.06524658203125
-61.37583923339844
-72.97322082519531
162.8941650390625
0
0
0
0
0
0
0
0
0
0
0
0
0
0
0
-119.06715393066406
-66.0023193359375
-94.08540344238281
-35.33743667602539
-86.51690673828125
179.9748992919922
179.9540252685547
-24.142086029052734
-28.731870651245117
122.40259552001953
146.03683471679688
-9.859718322753906
-99.23526763916016
60.79155349731445
0
0
0
0
0
0
0
0
0
0
0
0
-119.13188934326172
43.152000427246094
163.2605743408203
0
0
0
-76.87653350830078
-92.46007537841797
27.587345123291016
0
0
0
147.51235961914063
27.740489959716797
-152.3069610595703
0
0
0
0
0
0
0
0
0
0
0
-119.00456237792969
-62.75198745727539
57.266448974609375
49.2120361328125
169.21044921875
-70.77488708496094
177.14273071289063
-89.8502197265625
30.12298583984375
0
0
0
150.11898803710938
-48.456321716308594
71.48483276367188
-168.41258239746094
0
0
0
0
0
0
0
0
0
0
-119.10330200195313
-2.302583932876587
117.78510284423828
0
0
0
-122.37274932861328
-80.68172454833984
39.48786926269531
0
0
0
159.36607360839844
63.01897430419922
-117.02191162109375
0
0
0
0
0
0
0
0
0
0
0
-119.10723114013672
-49.54845428466797
-60.00291061401367
0
0
0
-75.69049072265625
55.94275665283203
-20.707599639892578
8.350632667541504
-28.424962997436523
42.04250717163086
167.56954956054688
122.52842712402344
-160.1385040283203
13.457576751708984
0
0
0
0
0
0
0
0
0
0
-118.78154754638672
-123.1938705444336
20.833269119262695
0
0
0
-118.96556091308594
76.74853515625
0
0
0
0
0
0
0
0
0
0
0
0
0
0
0
0
0
0
-119.10368347167969
59.70872116088867
179.7350616455078
0
0
0
-60.419334411621094
-37.9047737121582
82.02320098876953
0
0
0
-158.0498809814453
-18.17476463317871
161.85531616210938
0
0
0
0
0
0
0
0
0
0
0
-118.87042236328125
24.559328079223633
-28.428476333618164
0
0
0
0
0
0
0
0
0
0
0
0
0
0
0
0
0
0
0
0
0
0
0
-119.1771240234375
-65.82271575927734
54.1378288269043
0
0
0
174.10458374023438
62.99945831298828
-117.04889678955078
0
0
0
0
0
0
0
0
0
0
0
0
0
0
0
0
0
-118.97532653808594
148.7453155517578
-91.3151626586914
-108.27632904052734
-101.08306884765625
-148.03009033203125
22.527198791503906
-61.11560821533203
-110.98698425292969
0
0
0
-79.64629364013672
0
0
0
0
0
0
0
0
0
0
0
0
0
-118.93331146240234
43.04093933105469
28.719709396362305
45.921546936035156
21.69475555419922
0.04668977111577988
-111.6102066040039
148.6013641357422
149.64224243164063
-105.07406616210938
98.51072692871094
0
0
0
0
0
0
0
0
0
0
0
0
0
0
0
-40.55161666870117
0
0
0
0
0
0
0
0
0
0
0
0
0
0
0
0
0
0
0
0
0
0
0
0
0
-118.99219512939453
-144.64837646484375
-122.12615966796875
0
0
0
-86.43424987792969
-53.083370208740234
88.84123992919922
0
0
0
-20.614614486694336
51.44340896606445
0
-12.44552230834961
-62.22034454345703
-31.155838012695313
0
0
0
0
0
0
0
0
-119.27723693847656
-57.858924865722656
-35.498085021972656
-83.83003997802734
71.78939819335938
-179.90481567382813
-179.92669677734375
-179.96827697753906
-179.9650115966797
-0.02312355302274227
-3.1047370433807373
-46.42795944213867
32.305458068847656
-54.44697952270508
-24.344280242919922
47.1490592956543
26.162302017211914
156.0230255126953
0
0
0
0
0
0
0
0
-119.27021026611328
-96.08125305175781
23.798768997192383
0
0
0
143.82737731933594
-77.29781341552734
42.792659759521484
0
0
0
162.7150115966797
-135.1062774658203
-15.04788875579834
104.90582275390625
-27.440357208251953
95.06128692626953
-146.3998565673828
-24.218374252319336
95.82291412353516
0
0
-144.26278686523438
0
0
-119.13497924804688
-71.89832305908203
-46.21273422241211
0
0
0
-108.81990814208984
63.572105407714844
-4.82086706161499
7.03568696975708
-30.007932662963867
70.53428649902344
162.50648498535156
-127.96184539794922
-73.55229949951172
77.72742462158203
0
0
0
0
0
0
0
0
0
0
-119.0348892211914
-47.71274185180664
72.28347778320313
0
0
0
-167.80479431152344
-24.7850341796875
95.29421997070313
0
0
0
-144.79965209960938
-14.008068084716797
105.9073257446289
-134.1884307861328
84.14148712158203
-153.47215270996094
-35.034217834472656
-22.34593391418457
97.54214477539063
0
0
-142.3834686279297
0
0
15.533905029296875
0
0
0
0
0
0
0
0
0
0
0
0
0
0
0
0
0
0
0
0
0
0
0
0
0
-118.75276184082031
-103.477294921875
-140.97311401367188
0
0
0
-154.43861389160156
162.4022674560547
8.365742683410645
0
0
0
17.23954963684082
4.990576267242432
0
-19.745779037475586
68.93510437011719
76.14007568359375
0
0
0
0
0
0
0
0
-118.69291687011719
24.626781463623047
-28.914358139038086
0
0
0
0
0
0
0
0
0
0
0
0
0
0
0
0
0
0
0
0
0
0
0
-119.1040267944336
52.38587951660156
75.59943389892578
0
0
0
15.979281425476074
-15.051231384277344
-23.189733505249023
4.028730392456055
-48.45333480834961
66.26026916503906
160.00180053710938
-158.03640747070313
-99.50434875488281
38.678855895996094
0
0
0
0
0
0
0
0
0
0
-119.38180541992188
16.31194496154785
-103.71875
42.48866653442383
0
0
-118.73396301269531
-86.5656967163086
93.26810455322266
0
0
0
178.56497192382813
0
0
0
0
0
0
0
0
0
0
0
0
0
-119.00347137451172
-9.264277458190918
-118.9092788696289
0
0
0
-19.921777725219727
0
0
0
0
0
0
0
0
0
0
0
0
0
0
0
0
0
0
0
-118.84342193603516
-57.61476135253906
21.605926513671875
0
0
0
-118.95760345458984
-1.3459264039993286
0
0
0
0
0
0
0
0
0
0
0
0
0
0
0
0
0
0
-118.7842025756836
24.7098331451416
-29.08403205871582
0
0
0
0
0
0
0
0
0
0
0
0
0
0
0
0
0
0
0
0
0
0
0
-119.08695220947266
3.970491409301758
123.953369140625
0
0
0
-116.0204086303711
-72.12154388427734
108.13494873046875
0
0
0
0
0
0
0
0
0
0
0
0
0
0
0
0
0
-119.00390625
-32.98249816894531
86.98245239257813
0
0
0
-152.95272827148438
-29.771299362182617
0
0
0
0
0
0
0
0
0
0
0
0
0
0
0
0
0
0
-119.17381286621094
13.652270317077637
133.6256561279297
0
0
0
-106.34404754638672
-18.909873962402344
101.10657501220703
0
0
0
-138.9561767578125
78.34130859375
-101.63975524902344
0
0
0
0
0
0
0
0
0
0
0
-118.90184783935547
35.68392562866211
155.6996307373047
12.573568344116211
132.57449340820313
-107.41631317138672
-84.36605072021484
-65.77357482910156
54.341678619384766
0
0
0
174.20294189453125
-30.458492279052734
89.50328063964844
-150.44927978515625
0
0
0
0
0
0
0
0
0
0
-118.99629211425781
4.5855326652526855
124.6484146118164
-1.7402797937393188
118.27566528320313
-121.7311019897461
-115.49402618408203
-69.13508605957031
50.97441864013672
0
0
0
170.91346740722656
-12.921077728271484
107.13713836669922
-132.88487243652344
0
0
0
0
0
0
0
0
0
0
-118.95464324951172
-178.71385192871094
-58.63147735595703
0
0
0
61.169586181640625
-58.40413284301758
61.592002868652344
0
0
0
-178.5673065185547
-83.14661407470703
96.91468048095703
0
0
0
0
0
0
0
0
0
0
0
-119.38316345214844
-9.465075492858887
110.54684448242188
0
0
0
-129.45126342773438
61.04987716674805
-119.09857940673828
0
0
0
0
0
0
0
0
0
0
0
0
0
0
0
0
0
40.300010681152344
0
0
0
0
0
0
0
0
0
0
0
0
0
0
0
0
0
0
0
0
0
0
0
0
0
-118.9166259765625
173.09170532226563
-66.86493682861328
0
0
0
52.96405029296875
-87.01187133789063
33.024940490722656
0
0
0
152.96707153320313
-111.7332534790039
8.314837455749512
128.2767333984375
-59.8283805847168
62.57597732543945
-178.8829803466797
46.70779800415039
166.52056884765625
0
0
-73.50032043457031
0
0
-119.1164321899414
17.993324279785156
137.97109985351563
0
0
0
-102.16363525390625
0.9824475646018982
121.04547882080078
0
0
0
-119.09358215332031
-47.44138717651367
72.56893157958984
-167.60162353515625
-57.97306823730469
64.52266693115234
-176.96966552734375
-2.4755756855010986
117.32658386230469
0
0
-122.58223724365234
0
0
-118.90612030029297
-71.18132781982422
-95.96702575683594
-63.79158401489258
113.2012939453125
-0.03788958117365837
-66.5459976196289
64.583251953125
145.45074462890625
-95.07915496826172
68.05805206298828
0
0
0
0
0
0
0
0
0
0
0
0
0
0
0
-119.1190414428711
57.33396911621094
177.25851440429688
-10.716851234436035
109.20103454589844
-130.8171844482422
-62.79473876953125
-85.73907470703125
34.284629821777344
0
0
0
154.2223358154297
29.16161346435547
149.21690368652344
-90.81147003173828
0
0
0
0
0
0
0
0
0
0
-119.03684997558594
-179.88111877441406
-143.38307189941406
0
0
0
156.5175323486328
-100.20094299316406
37.617340087890625
36.1933479309082
-19.662025451660156
-139.82835388183594
81.9533462524414
149.44436645507813
-138.8642578125
73.30350494384766
0
0
0
0
0
0
0
0
0
0
-119.12417602539063
50.74272155761719
170.8346405029297
26.60023307800293
146.64520263671875
-93.39266967773438
-69.29817199707031
-68.6326904296875
51.394134521484375
0
0
0
171.29383850097656
25.1897029876709
145.10824584960938
-94.90158081054688
0
0
0
0
0
0
0
0
0
0
-119.11446380615234
-96.33965301513672
-73.70630645751953
0
0
0
-132.65127563476563
56.44590377807617
6.624405384063721
9.658392906188965
-26.086217880249023
74.24691009521484
140.07870483398438
128.75518798828125
-154.95887756347656
3.905080795288086
0
0
0
0
0
0
0
0
0
0
-119.45345306396484
-75.88624572753906
-105.16633605957031
-67.98910522460938
83.30218505859375
0.20398321747779846
-91.63838958740234
60.723533630371094
139.95816040039063
-87.01150512695313
83.84750366210938
0
0
0
0
0
0
0
0
0
0
0
0
0
0
0
-119.15077209472656
127.60376739501953
138.56744384765625
0
0
0
111.47069549560547
-84.7990493774414
0
0
0
0
40.19579315185547
-57.94682693481445
-52.02469253540039
0
0
0
0
0
0
0
0
0
0
0
-119.08048248291016
76.2445297241211
-163.69166564941406
0
0
0
-43.678043365478516
53.148101806640625
0
0
0
0
0
0
0
0
0
0
0
0
0
0
0
0
0
0
-119.2845458984375
-132.47959899902344
-96.19309997558594
0
0
0
-80.85546112060547
-18.910511016845703
67.85530090332031
0
0
0
-18.877796173095703
35.42922592163086
0
-11.814338684082031
-50.1752815246582
-44.4619026184082
0
0
0
0
0
0
0
0
-118.69023895263672
-140.13890075683594
-105.4246826171875
0
0
0
-156.1429443359375
143.1081085205078
18.866256713867188
28.36581802368164
-24.62738037109375
-141.34967041015625
55.100486755371094
103.56702423095703
-177.25546264648438
73.91661834716797
0
0
0
0
0
0
0
0
0
0
-41.619205474853516
0
0
0
0
0
0
0
0
0
0
0
0
0
0
0
0
0
0
0
0
0
0
0
0
0
-119.35453796386719
-78.2264404296875
-105.44682312011719
0
0
0
-90.78502655029297
59.594112396240234
-12.843415260314941
0
0
0
132.26283264160156
0
0
37.25688552856445
-39.22355270385742
-21.751792907714844
-10.233987808227539
0
0
0
0
0
0
0
-119.00009155273438
-27.006534576416016
-147.23529052734375
63.60591125488281
0
0
-119.02069854736328
-42.442142486572266
68.29537963867188
0
0
0
-137.40255737304688
0
0
0
0
0
0
0
0
0
0
0
0
0
-10.581491470336914
0
0
0
0
0
0
0
0
0
0
0
0
0
0
0
0
0
0
0
0
0
0
0
0
0
-119.01239013671875
140.14332580566406
-99.93916320800781
0
0
0
20.050445556640625
-50.52741241455078
69.51524353027344
0
0
0
-170.56991577148438
-65.50653839111328
114.4254379272461
0
0
0
0
0
0
0
0
0
0
0
-119.1283950805664
156.85479736328125
-83.1814193725586
-90.50647735595703
-122.89326477050781
-147.5322723388672
11.461684226989746
-76.285400390625
-107.1282730102539
0
0
0
-130.45872497558594
0
0
0
0
0
0
0
0
0
0
0
0
0
-119.13605499267578
63.49212646484375
13.264107704162598
0
0
0
-118.8111801147461
-126.8153305053711
0
0
0
0
0
0
0
0
0
0
0
0
0
0
0
0
0
0
-119.067138671875
-179.55528259277344
-156.07261657714844
152.08387756347656
68.66007995605469
-179.96522521972656
-179.99600219726563
6.1354289054870605
20.779369354248047
-109.148681640625
-156.67477416992188
6.315953731536865
160.358154296875
-22.34688377380371
0
0
0
0
0
0
0
0
0
0
0
0
-119.13066101074219
-121.35762023925781
-145.2535400390625
0
0
0
-179.97100830078125
51.14318084716797
-147.25146484375
0
0
0
38.69706726074219
23.000099182128906
0
-43.03902816772461
-22.58100700378418
21.754337310791016
0
0
0
0
0
0
0
0
-118.99808502197266
23.9974422454834
-118.8547134399414
0
0
0
-40.37650680541992
0
0
0
0
0
0
0
0
0
0
0
0
0
0
0
0
0
0
0
-119.17816162109375
-24.027437210083008
-118.77435302734375
0
0
0
-41.85874938964844
0
0
0
0
0
0
0
0
0
0
0
0
0
0
0
0
0
0
0
-119.18535614013672
145.77052307128906
164.0141143798828
0
0
0
121.15947723388672
-63.1203498840332
0
0
0
0
35.991302490234375
-129.92433166503906
-133.60935974121094
0
0
0
0
0
0
0
0
0
0
0
-119.0607681274414
9.308497428894043
-119.0015869140625
0
0
0
58.40734100341797
0
0
0
0
0
0
0
0
0
0
0
0
0
0
0
0
0
0
0
-119.00723266601563
-12.92863941192627
107.16728210449219
0
0
0
-132.9708251953125
-33.55678176879883
86.51863098144531
0
0
0
-153.58316040039063
36.592041015625
156.5266571044922
-83.50045013427734
-40.052825927734375
82.20701599121094
-159.19049072265625
45.81515121459961
165.64817810058594
0
0
-74.38597869873047
0
0
-119.19619750976563
59.77406692504883
16.714168548583984
0
0
0
-118.83699035644531
-123.7171630859375
0
0
0
0
0
0
0
0
0
0
0
0
0
0
0
0
0
0
-119.04814910888672
23.84410285949707
-118.79561614990234
0
0
0
-0.15832176804542542
0
0
0
0
0
0
0
0
0
0
0
0
0
0
0
0
0
0
0
-118.96493530273438
14.353903770446777
-118.92675018310547
0
0
0
9.78476619720459
0
0
0
0
0
0
0
0
0
0
0
0
0
0
0
0
0
0
0
-119.07183074951172
-101.77802276611328
-103.3645248413086
0
0
0
-99.3140640258789
80.01909637451172
0
0
0
0
-9.719124794006348
66.72323608398438
10.59097957611084
0
0
0
0
0
0
0
0
0
0
0
-119.09941101074219
173.6070098876953
-153.99554443359375
0
0
0
165.93446350097656
-102.74365997314453
36.64569091796875
44.683719635009766
-13.46245002746582
-107.65716552734375
70.66255950927734
-146.27003479003906
-89.91878509521484
61.47802734375
0
0
0
0
0
0
0
0
0
0
-119.00550842285156
73.65141296386719
-166.3807373046875
0
0
0
-46.43123245239258
-50.600345611572266
69.45079803466797
0
0
0
-170.6654052734375
-70.34400177001953
49.65081024169922
169.58192443847656
-53.84091567993164
68.49336242675781
-172.96885681152344
-48.15425109863281
72.03421783447266
0
0
-167.9735870361328
0
0
-119.12977600097656
158.35894775390625
-81.52201843261719
-89.99498748779297
-129.40711975097656
-143.6707000732422
13.052458763122559
-101.63923645019531
-132.34030151367188
0
0
0
-78.09782409667969
0
0
0
0
0
0
0
0
0
0
0
0
0
-119.1034164428711
39.86104965209961
159.9330291748047
0
0
0
-80.15531921386719
-59.3415412902832
60.807464599609375
0
0
0
-179.31533813476563
-118.17474365234375
1.9311407804489136
121.84883880615234
-73.23844146728516
49.12876892089844
167.74111938476563
-11.844197273254395
108.18584442138672
0
0
-131.92181396484375
0
0
-118.99809265136719
46.35375213623047
166.24249267578125
0
0
0
-73.6944580078125
-52.99570846557617
67.09593200683594
0
0
0
-172.9716033935547
-83.41492462158203
96.46965789794922
0
0
0
0
0
0
0
0
0
0
0
