110.5009536743164
110.61866760253906
110.66400146484375
110.33895874023438
110.52397155761719
110.99851989746094
110.64057922363281
110.5355453491211
117.51551818847656
110.43366241455078
110.48689270019531
110.59532165527344
110.42172241210938
110.54414367675781
97.7005844116211
110.66184997558594
110.68339538574219
110.54427337646484
110.49945831298828
110.58087158203125
110.41358947753906
110.52164459228516
110.471435546875
110.63078308105469
110.26513671875
110.63799285888672
110.96630096435547
110.6547622680664
110.42170715332031
110.53414154052734
109.42825317382813
110.49694061279297
110.71063232421875
110.72628784179688
110.5840072631836
110.5848159790039
88.7277603149414
110.35879516601563
110.79046630859375
110.63677215576172
110.86896514892578
110.44364166259766
110.4400863647461
111.0605239868164
110.56497192382813
110.5571060180664
110.70030212402344
110.36365509033203
110.54637145996094
110.45392608642578
110.83998107910156
110.0229263305664
110.59557342529297
110.59430694580078
110.48853302001953
110.46829223632813
110.63790893554688
110.60955810546875
110.59557342529297
110.86455535888672
110.44164276123047
110.54063415527344
110.53509521484375
110.52981567382813
121.80964660644531
110.90351104736328
110.4406509399414
87.56350708007813
110.48493957519531
110.702880859375
110.60126495361328
110.6017074584961
110.56330871582031
110.4760513305664
110.5422134399414
110.5990219116211
110.57293701171875
110.47069549560547
110.7295913696289
110.50908660888672
110.45626831054688
110.57505798339844
110.491455078125
110.47267150878906
110.7381591796875
110.58672332763672
110.47557067871094
